0.376000 0.333000
0.374000 0.352000
0.372000 0.384000
0.371000 0.421000
0.390000 0.449000
0.408000 0.477000
0.429000 0.498000
0.454000 0.502000
0.479000 0.513000
0.500000 0.513000
0.520000 0.513000
0.546000 0.502000
0.571000 0.498000
0.591000 0.477000
0.610000 0.449000
0.629000 0.421000
0.628000 0.384000
0.626000 0.352000
0.624000 0.333000
0.471000 0.341000
0.461000 0.329000
0.437000 0.326000
0.426000 0.330000
0.419000 0.337000
0.427000 0.346000
0.439000 0.348000
0.460000 0.347000
0.529000 0.341000
0.539000 0.329000
0.563000 0.326000
0.574000 0.330000
0.581000 0.337000
0.573000 0.346000
0.561000 0.349000
0.539000 0.347000
0.480000 0.311000
0.453000 0.305000
0.436000 0.305000
0.417000 0.311000
0.402000 0.322000
0.409000 0.327000
0.421000 0.318000
0.437000 0.312000
0.452000 0.312000
0.476000 0.325000
0.519000 0.311000
0.547000 0.305000
0.564000 0.305000
0.583000 0.311000
0.598000 0.322000
0.591000 0.327000
0.579000 0.318000
0.563000 0.312000
0.548000 0.312000
0.524000 0.325000
0.486000 0.339000
0.480000 0.365000
0.477000 0.381000
0.470000 0.403000
0.476000 0.412000
0.494000 0.415000
0.506000 0.414000
0.524000 0.412000
0.530000 0.403000
0.523000 0.381000
0.520000 0.365000
0.513000 0.339000
0.459000 0.453000
0.472000 0.443000
0.492000 0.436000
0.500000 0.438000
0.508000 0.436000
0.528000 0.443000
0.540000 0.453000
0.532000 0.461000
0.516000 0.466000
0.500000 0.467000
0.484000 0.466000
0.468000 0.461000
0.463000 0.455000
0.483000 0.452000
0.500000 0.453000
0.517000 0.452000
0.537000 0.455000
0.514000 0.454000
0.500000 0.455000
0.486000 0.454000

