c -9.07345 -5.10349 74.06671
c -9.10053 -4.77563 71.62198
c -8.70932 -4.10798 68.83946
c -8.41143 -3.60978 66.98362
c -7.90724 -3.16418 65.03095
c -7.24841 -2.97943 63.43367
c -5.74991 -3.20210 61.61411
c -3.58 -8.063 60.974
c -2.304 -8.526 59.842
c 0 -8.749 59.684
c 2.304 -8.526 59.842
c 3.58 -8.063 60.974
c 5.74993 -3.20210 61.61411
c 7.24841 -2.97942 63.43368
c 7.90725 -3.16418 65.03095
c 8.41143 -3.60978 66.98362
c 8.70932 -4.10798 68.83946
c 9.10053 -4.77563 71.62198
c 9.07345 -5.10348 74.06672
c -2.17066 -10.25287 73.88172
c -3.21836 -10.75436 74.93074
c -4.26111 -10.93189 75.30042
c -5.43205 -10.55718 75.38177
c -6.61378 -9.01665 74.51578
c -5.08223 -9.78124 73.57278
c -4.03998 -10.07984 73.41990
c -3.16768 -10.23895 73.51406
c 2.17066 -10.25287 73.88172
c 3.21836 -10.75436 74.93074
c 4.26111 -10.93189 75.30042
c 5.43205 -10.55718 75.38177
c 6.61378 -9.01664 74.51578
c 5.08223 -9.78124 73.57278
c 4.03998 -10.07984 73.41991
c 3.16768 -10.23895 73.51407
c -1.86198 -12.01295 76.13062
c -3.12372 -11.86663 76.58426
c -4.43898 -11.62818 76.89570
c -5.89403 -11.09019 76.97216
c -7.18402 -9.84580 76.69978
c -6.96294 -9.92325 76.15669
c -5.70378 -10.90654 76.34592
c -4.36692 -11.40328 76.15343
c -3.05062 -11.45040 75.83199
c -2.02107 -11.12702 75.19810
c 1.86198 -12.01295 76.13062
c 3.12372 -11.86663 76.58426
c 4.43898 -11.62817 76.89570
c 5.89403 -11.09018 76.97216
c 7.18402 -9.84579 76.69978
c 6.96294 -9.92324 76.15669
c 5.70378 -10.90654 76.34592
c 4.36692 -11.40328 76.15343
c 3.05063 -11.45040 75.83199
c 2.02107 -11.12702 75.19810
c -1.13323 -10.75423 73.58474
c -1.48440 -10.96540 71.75192
c -1.68091 -11.22896 70.40520
c -2.34343 -10.38162 68.75638
c -1.78010 -10.41073 68.10313
c -0.34021 -10.89519 67.76086
c 0.34021 -10.89519 67.76086
c 1.78010 -10.41073 68.10313
c 2.34343 -10.38162 68.75638
c 1.68091 -11.22896 70.40520
c 1.48440 -10.96540 71.75192
c 1.13323 -10.75423 73.58474
c -3.07128 -9.40559 65.13700
c -2.19352 -10.66155 65.82583
c -0.74992 -11.45929 66.34862
c 0.00026 -11.52618 66.21375
c 0.74992 -11.45929 66.34862
c 2.19352 -10.66155 65.82583
c 3.07128 -9.40559 65.13700
c 2.66639 -9.70515 64.61808
c 1.43735 -10.55064 63.99164
c 0.00026 -10.79188 63.88601
c -1.43734 -10.55064 63.99164
c -2.66639 -9.70515 64.61808
c -2.71805 -9.30421 65.05067
c -1.26262 -10.21086 65.23088
c 0.00026 -10.51950 64.98878
c 1.27703 -10.24802 65.05913
c 2.71805 -9.30421 65.05067
c 1.26262 -10.21086 65.23088
c 0.00026 -10.46739 65.19923
c -1.27703 -10.24802 65.05913
