c -8.42600 -4.84800 69.91500
c -8.50200 -4.41500 68.35900
c -8.52800 -4.26300 66.05300
c -8.08600 -3.81400 63.53000
c -7.33500 -4.46800 61.52700
c -6.23400 -5.00000 59.55600
c -4.89600 -6.19900 57.86800
c -3.13000 -7.51300 56.24400
c -1.94300 -7.94400 55.20100
c 0.00000 -8.15700 55.06300
c 1.94300 -7.94400 55.20100
c 3.13000 -7.51300 56.24400
c 4.89600 -6.19900 57.86800
c 6.23400 -5.00000 59.55600
c 7.33500 -4.46800 61.52700
c 8.08600 -3.81400 63.53000
c 8.44900 -4.43400 66.11300
c 8.50200 -4.41500 68.35900
c 8.42600 -4.84800 69.91500
c -2.03400 -9.22700 68.51000
c -3.01600 -9.49900 69.52300
c -5.09000 -9.28600 69.93200
c -5.82300 -8.71500 69.59600
c -6.19700 -8.04500 69.02500
c -5.60300 -8.35200 68.38000
c -4.76200 -8.83000 68.19200
c -2.96800 -9.25500 68.16600
c 2.03400 -9.22700 68.51000
c 3.01600 -9.49900 69.52300
c 5.04300 -9.28600 69.93200
c 5.82300 -8.71500 69.59600
c 6.19700 -8.04500 69.02500
c 5.60300 -8.35200 68.38000
c 4.71900 -8.83000 68.19200
c 2.94100 -9.25500 68.16600
c -1.74500 -10.73400 70.72400
c -4.16000 -10.31900 71.41500
c -5.52300 -9.81000 71.45200
c -6.67000 -8.68300 71.11900
c -7.34100 -7.50400 70.51000
c -6.96100 -7.82700 69.88400
c -6.52500 -8.71100 70.61700
c -5.34500 -9.55200 70.85500
c -4.09200 -10.02900 70.70700
c -1.89400 -9.83000 69.79600
c 1.74500 -10.73400 70.72400
c 4.16000 -10.31900 71.41500
c 5.52300 -9.81000 71.45200
c 6.73200 -8.68300 71.11900
c 7.34100 -7.50400 70.51000
c 6.96100 -7.82700 69.88400
c 6.52500 -8.71100 70.61700
c 5.34500 -9.55200 70.85500
c 4.09200 -10.02900 70.70700
c 1.89400 -9.83000 69.79600
c -1.06200 -9.72300 68.26400
c -1.39100 -10.04200 66.56400
c -1.56100 -10.42600 64.98300
c -2.13700 -10.18000 63.79900
c -1.64600 -9.80200 63.04500
c -0.31400 -10.16800 62.67200
c 0.31400 -10.16800 62.67200
c 1.64600 -9.80200 63.04500
c 2.13700 -10.18000 63.79900
c 1.56100 -10.42600 64.98300
c 1.39100 -10.04200 66.56400
c 1.06200 -9.72300 68.26400
c -2.85200 -8.73300 60.09200
c -2.03700 -9.89900 60.73200
c -0.69600 -10.63900 61.21700
c 0.00000 -10.70200 61.09200
c 0.69600 -10.63900 61.21700
c 2.03700 -9.89900 60.73200
c 2.85200 -8.73300 60.09200
c 2.47600 -9.01100 59.61000
c 1.33500 -9.79600 59.02900
c 0.00000 -10.02000 58.93100
c -1.33500 -9.79600 59.02900
c -2.47600 -9.01100 59.61000
c -2.52400 -8.63900 60.01200
c -1.18600 -9.51500 60.02000
c 0.00000 -9.76700 59.95500
c 1.18600 -9.51500 60.02000
c 2.52400 -8.63900 60.01200
c 1.17200 -9.48000 60.17900
c 0.00000 -9.71900 60.15000
c -1.17200 -9.48000 60.17900

