NumVertices: 1105
2.07191 -8.70179 59.80790 0 0 0 0 0
2.04870 -8.87085 60.12630 0 0 0 0 0
2.45049 -8.38529 60.02090 0 0 0 0 0
2.49734 -8.17160 59.80850 0 0 0 0 0
1.52191 -9.07118 59.86430 0 0 0 0 0
1.63103 -9.35653 60.14860 0 0 0 0 0
1.02896 -9.27348 59.88770 0 0 0 0 0
0.57508 -9.40423 59.89720 0 0 0 0 0
0.59737 -9.55669 60.15890 0 0 0 0 0
1.17228 -9.48033 60.17940 0 0 0 0 0
0.00025 -9.50661 59.87170 0 0 0 0 0
0.00025 -9.71852 60.14990 0 0 0 0 0
0.00025 -9.76121 60.23930 0 0 0 0 0
0.78345 -9.55480 60.38420 0 0 0 0 0
0.61522 -9.68280 60.03410 0 0 0 0 0
0.00025 -9.76690 59.95460 0 0 0 0 0
2.08256 -9.01112 59.94890 0 0 0 0 0
1.88266 -9.05047 60.33530 0 0 0 0 0
2.38117 -8.33344 60.28470 0 0 0 0 0
1.63414 -9.33603 60.00110 0 0 0 0 0
1.31260 -9.36497 60.35500 0 0 0 0 0
2.02419 -4.88274 58.57330 0 0 0 0 0
3.03065 -0.68893 58.47810 0 0 0 0 0
0.00037 -0.02470 58.56860 0 0 0 0 0
0.00038 -4.36739 58.39180 0 0 0 0 0
2.10479 -7.97081 62.17910 0 0 0 0 0
3.71319 -5.02100 62.59020 0 0 0 0 0
3.04648 -7.59472 61.31170 0 0 0 0 0
1.85474 -8.76964 61.21290 0 0 0 0 0
0.00025 -9.00517 58.89540 0 0 0 0 0
1.43819 -8.61892 59.09530 0 0 0 0 0
1.32451 -7.49762 58.81380 0 0 0 0 0
0.00025 -7.34432 58.71280 0 0 0 0 0
3.21844 -5.69352 58.73120 0 0 0 0 0
4.86281 -0.64549 59.24130 0 0 0 0 0
4.43163 -5.34395 60.47340 0 0 0 0 0
5.05070 -0.91482 61.32280 0 0 0 0 0
0.65135 -9.38686 61.08000 0 0 0 0 0
0.00024 -8.90247 61.71580 0 0 0 0 0
3.08786 -7.56435 60.17020 0 0 0 0 0
2.62026 -8.06919 60.11760 0 0 0 0 0
2.79118 -7.00673 59.18260 0 0 0 0 0
0.00024 -9.52704 60.95350 0 0 0 0 0
0.00037 0.82926 59.81750 0 0 0 0 0
1.18566 -9.51483 60.01990 0 0 0 0 0
0.94360 3.27432 55.00110 0 0 0 0 0
1.06203 3.67056 55.78870 0 0 0 0 0
1.97761 3.07355 55.70610 0 0 0 0 0
1.76271 2.74521 54.94030 0 0 0 0 0
1.96623 -1.03866 54.30990 0 0 0 0 0
1.65916 -0.98741 53.63110 0 0 0 0 0
2.24377 -0.14532 54.02590 0 0 0 0 0
2.58491 -0.02599 54.79980 0 0 0 0 0
1.98077 -0.36774 53.19940 0 0 0 0 0
2.52329 0.61720 53.77420 0 0 0 0 0
2.55006 0.85011 54.46850 0 0 0 0 0
1.09615 -2.07570 53.82910 0 0 0 0 0
0.91621 -1.63452 53.34800 0 0 0 0 0
2.81316 1.10637 55.21590 0 0 0 0 0
-0.00218 -2.40881 53.71840 0 0 0 0 0
-0.00144 -1.91366 53.22400 0 0 0 0 0
2.40616 1.58235 54.11520 0 0 0 0 0
2.38341 1.82073 54.78900 0 0 0 0 0
2.61157 2.18150 55.52970 0 0 0 0 0
0.00039 3.49225 55.05200 0 0 0 0 0
0.00000 3.87776 55.82230 0 0 0 0 0
1.33805 -0.96210 53.01010 0 0 0 0 0
0.73749 -1.41639 52.82520 0 0 0 0 0
0.00000 -4.21691 54.61480 0 0 0 0 0
0.00233 -3.63072 54.42570 0 0 0 0 0
1.67515 -3.32954 54.63540 0 0 0 0 0
2.13850 -3.89265 54.86030 0 0 0 0 0
4.05332 3.84081 57.61330 0 0 0 0 0
6.28383 5.64102 59.99520 0 0 0 0 0
5.77266 2.39653 59.01000 0 0 0 0 0
4.23515 1.80155 57.20240 0 0 0 0 0
0.00024 12.41410 64.49190 0 0 0 0 0
0.00024 13.39160 71.10960 0 0 0 0 0
3.33555 12.90780 71.00440 0 0 0 0 0
2.74846 11.98060 64.47380 0 0 0 0 0
7.51380 8.27825 63.99280 0 0 0 0 0
8.08371 5.48769 63.25190 0 0 0 0 0
7.46160 4.84125 61.36770 0 0 0 0 0
7.18860 3.09840 60.94130 0 0 0 0 0
7.74818 3.36042 61.83750 0 0 0 0 0
7.85332 0.76916 62.78510 0 0 0 0 0
6.99208 0.64119 61.35960 0 0 0 0 0
6.18856 11.24960 70.53310 0 0 0 0 0
5.39176 10.79040 64.37570 0 0 0 0 0
8.55494 9.04992 69.31010 0 0 0 0 0
2.21111 8.92072 60.27590 0 0 0 0 0
0.00024 9.44928 60.30160 0 0 0 0 0
9.63724 3.28142 68.98660 0 0 0 0 0
8.48711 3.25759 64.67680 0 0 0 0 0
9.32752 6.25178 68.86280 0 0 0 0 0
1.26774 -2.82057 54.33560 0 0 0 0 0
2.38651 -1.08624 55.09110 0 0 0 0 0
3.39804 -0.98957 56.51550 0 0 0 0 0
3.90785 0.25591 56.92980 0 0 0 0 0
5.71316 0.47568 58.59220 0 0 0 0 0
5.76418 -0.60517 57.86630 0 0 0 0 0
4.39078 7.77867 60.07790 0 0 0 0 0
3.20939 0.10137 55.62500 0 0 0 0 0
3.40400 1.44011 56.07660 0 0 0 0 0
3.18804 2.76187 56.40910 0 0 0 0 0
2.42886 3.90112 56.63910 0 0 0 0 0
1.29990 4.57222 56.74030 0 0 0 0 0
0.00000 4.79368 56.77520 0 0 0 0 0
3.47133 5.33457 57.81950 0 0 0 0 0
1.76652 6.23107 57.96550 0 0 0 0 0
0.00018 6.44992 58.03330 0 0 0 0 0
1.78105 -10.81910 63.99720 0 0 0 0 0
2.13714 -10.18010 63.79870 0 0 0 0 0
2.12402 -10.04340 64.29310 0 0 0 0 0
1.67466 -10.78650 64.71660 0 0 0 0 0
2.17577 -9.63887 63.45260 0 0 0 0 0
2.24899 -9.86509 64.48060 0 0 0 0 0
1.56065 -10.42560 64.98350 0 0 0 0 0
1.16356 -11.48520 64.83780 0 0 0 0 0
1.02727 -11.26510 65.26090 0 0 0 0 0
1.22496 -11.68500 64.20240 0 0 0 0 0
1.46967 -10.87240 63.34100 0 0 0 0 0
1.69262 -10.85570 63.62380 0 0 0 0 0
1.17764 -11.66310 63.78480 0 0 0 0 0
1.00566 -11.32090 63.45960 0 0 0 0 0
1.59859 -10.00020 63.16150 0 0 0 0 0
1.64596 -9.80177 63.04510 0 0 0 0 0
1.97622 -9.86128 63.32140 0 0 0 0 0
1.97093 -10.21420 63.41690 0 0 0 0 0
1.18903 -10.15020 63.33710 0 0 0 0 0
0.31310 -10.32050 62.77250 0 0 0 0 0
0.74709 -11.90440 65.01810 0 0 0 0 0
0.00024 -12.09870 65.10660 0 0 0 0 0
0.00024 -12.38800 64.38120 0 0 0 0 0
0.76838 -12.16400 64.29820 0 0 0 0 0
0.00025 -12.42930 63.87380 0 0 0 0 0
0.76394 -12.19840 63.85020 0 0 0 0 0
0.41030 -10.92820 62.90620 0 0 0 0 0
0.00024 -11.04040 62.82590 0 0 0 0 0
0.00024 -10.39370 62.69670 0 0 0 0 0
0.87960 -10.58070 63.61370 0 0 0 0 0
0.48528 -11.37760 63.00620 0 0 0 0 0
0.73794 -11.43080 65.72330 0 0 0 0 0
0.00000 -11.65300 65.81220 0 0 0 0 0
0.31587 -10.11570 62.52830 0 0 0 0 0
0.31417 -10.16810 62.67160 0 0 0 0 0
-0.00021 -10.24400 62.61210 0 0 0 0 0
0.00024 -10.19170 62.44080 0 0 0 0 0
0.00025 -10.70150 61.09190 0 0 0 0 0
0.69627 -10.63950 61.21710 0 0 0 0 0
0.64373 -10.34420 61.55910 0 0 0 0 0
0.00025 -10.23000 61.41880 0 0 0 0 0
0.00024 -10.19820 62.13180 0 0 0 0 0
0.47058 -10.17420 62.21440 0 0 0 0 0
1.65274 -9.66590 62.84610 0 0 0 0 0
1.73882 -9.63438 62.47740 0 0 0 0 0
1.42405 -10.25150 60.96490 0 0 0 0 0
1.58998 -10.00430 61.47690 0 0 0 0 0
3.18279 -8.50034 59.72730 0 0 0 0 0
3.34783 -8.71675 60.31980 0 0 0 0 0
2.85155 -8.73268 60.09220 0 0 0 0 0
2.75845 -8.62311 59.85150 0 0 0 0 0
2.47563 -9.01080 59.61040 0 0 0 0 0
2.67357 -8.82581 59.14070 0 0 0 0 0
1.77748 -9.61281 59.17610 0 0 0 0 0
1.92079 -9.23875 58.70880 0 0 0 0 0
1.76227 -9.62571 59.40570 0 0 0 0 0
2.41357 -9.08893 59.73390 0 0 0 0 0
2.66366 -8.72500 60.03490 0 0 0 0 0
2.63041 -8.63252 59.90410 0 0 0 0 0
2.28904 -9.14112 59.95070 0 0 0 0 0
2.52046 -8.60658 59.95810 0 0 0 0 0
1.27308 -9.84527 59.71410 0 0 0 0 0
1.71786 -9.56676 59.79810 0 0 0 0 0
1.33451 -9.79580 59.02880 0 0 0 0 0
1.31253 -9.87371 59.25460 0 0 0 0 0
0.00025 -10.05750 59.62310 0 0 0 0 0
0.67939 -10.01810 59.64740 0 0 0 0 0
2.61858 -9.24512 60.39830 0 0 0 0 0
3.04785 -9.18178 60.85780 0 0 0 0 0
0.00025 -10.74030 60.77260 0 0 0 0 0
0.68557 -10.69810 60.80660 0 0 0 0 0
2.53959 -9.27266 60.22000 0 0 0 0 0
1.29883 -10.02880 60.17190 0 0 0 0 0
0.66168 -10.24000 60.20680 0 0 0 0 0
2.52359 -8.63855 60.01200 0 0 0 0 0
2.28810 -9.34111 59.97260 0 0 0 0 0
1.39002 -10.24670 60.62710 0 0 0 0 0
1.98196 -9.87853 60.44920 0 0 0 0 0
2.03659 -9.89878 60.73170 0 0 0 0 0
1.84977 -9.75681 60.08700 0 0 0 0 0
7.88104 -0.14251 61.08390 0 0 0 0 0
7.26123 0.04985 59.73180 0 0 0 0 0
6.90045 -5.48282 61.38580 0 0 0 0 0
6.20248 -6.66211 61.20940 0 0 0 0 0
5.57243 -6.24502 59.38020 0 0 0 0 0
6.23357 -5.00006 59.55570 0 0 0 0 0
6.78972 -3.95183 59.74030 0 0 0 0 0
6.16060 -3.72182 58.14030 0 0 0 0 0
6.72984 -2.76626 58.51070 0 0 0 0 0
7.34153 -2.93780 59.99370 0 0 0 0 0
1.94284 -7.94418 55.20060 0 0 0 0 0
3.12978 -7.51266 56.24400 0 0 0 0 0
2.56435 -8.21836 56.69010 0 0 0 0 0
1.54620 -8.86489 56.00370 0 0 0 0 0
4.89947 -7.26327 59.45030 0 0 0 0 0
5.41065 -7.74009 61.06250 0 0 0 0 0
4.55281 -8.44167 61.00410 0 0 0 0 0
4.29878 -8.03290 59.56450 0 0 0 0 0
2.19372 -8.74356 58.19110 0 0 0 0 0
3.08414 -8.50685 58.58450 0 0 0 0 0
7.53987 -0.72213 59.41320 0 0 0 0 0
8.27085 -0.41213 62.43650 0 0 0 0 0
4.26677 -7.20139 57.93180 0 0 0 0 0
3.64582 -8.02031 58.28410 0 0 0 0 0
8.10798 -0.97877 60.66690 0 0 0 0 0
2.13050 -6.89622 54.95680 0 0 0 0 0
3.59675 -6.51528 56.13120 0 0 0 0 0
5.83303 -1.78396 57.28480 0 0 0 0 0
2.50252 -4.38870 54.97270 0 0 0 0 0
0.00017 -8.15738 55.06300 0 0 0 0 0
0.00025 -9.05437 55.93820 0 0 0 0 0
-0.00303 -7.05223 54.77780 0 0 0 0 0
2.53263 -5.28389 54.96650 0 0 0 0 0
0.00019 -5.63913 54.74380 0 0 0 0 0
0.00000 -5.18694 54.73470 0 0 0 0 0
2.59678 -4.78116 54.98840 0 0 0 0 0
8.48673 -1.22588 62.33010 0 0 0 0 0
4.89957 -4.06018 56.47520 0 0 0 0 0
5.33855 -2.97300 56.82130 0 0 0 0 0
0.00000 -4.73396 54.70320 0 0 0 0 0
3.71744 -8.35867 59.69290 0 0 0 0 0
3.94361 -8.58701 60.69300 0 0 0 0 0
7.27615 -1.70411 58.96570 0 0 0 0 0
4.89635 -6.19903 57.86850 0 0 0 0 0
7.86431 -1.88383 60.32150 0 0 0 0 0
8.21346 -2.19662 62.08980 0 0 0 0 0
7.80964 -3.35152 61.80670 0 0 0 0 0
6.75778 -5.61301 78.53870 0 0 0 0 0
7.18121 -3.17454 79.44470 0 0 0 0 0
3.78285 -4.09609 81.51030 0 0 0 0 0
3.70677 -6.89219 80.40210 0 0 0 0 0
3.86312 0.51994 82.21630 0 0 0 0 0
7.59934 0.60902 79.99110 0 0 0 0 0
8.67727 -2.39061 77.63600 0 0 0 0 0
9.30495 0.52674 77.33050 0 0 0 0 0
0.00024 -4.58331 81.89920 0 0 0 0 0
0.00024 -7.29300 80.77810 0 0 0 0 0
0.00024 0.35954 82.57660 0 0 0 0 0
9.91016 2.02962 70.36200 0 0 0 0 0
9.74871 5.48919 71.65870 0 0 0 0 0
9.65063 -1.31520 73.87450 0 0 0 0 0
9.50702 -1.13665 69.98150 0 0 0 0 0
9.72935 -0.15320 70.46410 0 0 0 0 0
9.92350 0.47493 74.10690 0 0 0 0 0
9.16824 8.31545 73.35770 0 0 0 0 0
6.85358 10.47930 75.54720 0 0 0 0 0
7.51675 7.26324 78.81690 0 0 0 0 0
9.60724 4.60686 76.75280 0 0 0 0 0
3.73085 12.09410 76.75620 0 0 0 0 0
0.00024 5.41845 82.20230 0 0 0 0 0
3.99339 5.16898 81.77910 0 0 0 0 0
4.07561 8.74502 79.92520 0 0 0 0 0
0.00024 9.18893 80.38870 0 0 0 0 0
10.08160 3.22929 73.59060 0 0 0 0 0
9.91927 0.94909 70.68630 0 0 0 0 0
7.73968 4.46034 79.99850 0 0 0 0 0
6.38834 -7.84807 77.32260 0 0 0 0 0
8.27390 -4.97653 76.15020 0 0 0 0 0
2.99295 -11.21170 72.07570 0 0 0 0 0
3.11765 -11.06840 74.11570 0 0 0 0 0
1.52270 -11.25900 74.05170 0 0 0 0 0
1.62802 -11.37540 71.83020 0 0 0 0 0
0.00024 -11.09840 69.92430 0 0 0 0 0
0.00024 -10.70860 68.92090 0 0 0 0 0
0.59391 -10.56810 68.86140 0 0 0 0 0
0.80830 -11.13350 69.97930 0 0 0 0 0
0.78268 -11.29730 71.48400 0 0 0 0 0
0.00024 -11.38160 74.01770 0 0 0 0 0
0.00024 -11.32310 71.51630 0 0 0 0 0
3.52114 -8.33474 79.55250 0 0 0 0 0
4.91194 -7.87867 79.08340 0 0 0 0 0
6.08316 -8.94246 75.36070 0 0 0 0 0
5.85619 -9.86427 73.65000 0 0 0 0 0
7.36852 -7.66860 73.14260 0 0 0 0 0
7.79922 -6.50604 74.36130 0 0 0 0 0
6.95175 -8.93433 71.62060 0 0 0 0 0
5.65778 -10.22930 71.92570 0 0 0 0 0
8.34844 -5.26950 69.89210 0 0 0 0 0
8.85585 -3.51823 69.97230 0 0 0 0 0
8.59569 -4.38484 72.40600 0 0 0 0 0
8.07253 -5.97576 71.74400 0 0 0 0 0
9.23397 -2.98933 73.14960 0 0 0 0 0
9.37729 -1.89913 69.90680 0 0 0 0 0
0.00024 -10.91460 76.16520 0 0 0 0 0
1.50472 -10.77180 76.12980 0 0 0 0 0
0.49348 -10.56670 68.03860 0 0 0 0 0
1.05216 -9.98483 67.93560 0 0 0 0 0
1.08084 -10.22260 68.72180 0 0 0 0 0
1.72877 -11.15350 70.29930 0 0 0 0 0
6.67005 -9.14138 70.82770 0 0 0 0 0
7.27401 -7.93498 70.30400 0 0 0 0 0
7.57852 -7.39324 70.88000 0 0 0 0 0
4.29288 -10.84860 72.02440 0 0 0 0 0
4.52360 -10.65450 73.91670 0 0 0 0 0
0.00024 -10.95540 67.37200 0 0 0 0 0
0.56051 -10.76600 67.30520 0 0 0 0 0
0.00024 -10.72890 68.04650 0 0 0 0 0
1.51906 -10.41420 65.19150 0 0 0 0 0
1.37820 -10.18090 66.23390 0 0 0 0 0
1.29083 -9.92854 67.08520 0 0 0 0 0
0.66781 -11.17680 66.41040 0 0 0 0 0
7.39132 -6.96667 67.65190 0 0 0 0 0
8.07723 -5.91571 67.41140 0 0 0 0 0
7.99146 -6.04116 68.54310 0 0 0 0 0
7.47368 -6.94560 68.55140 0 0 0 0 0
8.42430 -4.73836 68.38300 0 0 0 0 0
7.83896 -6.53960 69.79360 0 0 0 0 0
8.82146 -2.71148 65.75490 0 0 0 0 0
9.10283 -1.81019 65.66540 0 0 0 0 0
9.17375 -1.87574 67.64590 0 0 0 0 0
8.81822 -3.11788 67.97990 0 0 0 0 0
8.09897 -5.69869 66.08940 0 0 0 0 0
8.44944 -4.43396 66.11320 0 0 0 0 0
8.47039 -4.53728 66.87700 0 0 0 0 0
7.34483 -6.23384 63.38220 0 0 0 0 0
6.58340 -7.56020 63.18660 0 0 0 0 0
8.74653 -1.49604 63.72870 0 0 0 0 0
8.47467 -2.42724 63.70950 0 0 0 0 0
9.11510 -1.17031 65.29270 0 0 0 0 0
9.33020 -1.00099 66.93680 0 0 0 0 0
8.82680 -0.83786 63.99760 0 0 0 0 0
2.57144 -9.69846 64.61740 0 0 0 0 0
5.42980 -8.49102 62.81420 0 0 0 0 0
4.45412 -8.98269 62.43180 0 0 0 0 0
9.55993 -1.08146 68.08610 0 0 0 0 0
2.62841 -9.50987 63.36130 0 0 0 0 0
3.89564 -9.31443 64.42510 0 0 0 0 0
3.55728 -9.36234 63.27000 0 0 0 0 0
2.50433 -9.41898 65.89830 0 0 0 0 0
3.62718 -9.19463 61.72030 0 0 0 0 0
2.45620 -9.33307 66.53200 0 0 0 0 0
2.83199 -9.43553 62.22820 0 0 0 0 0
5.36145 -8.94274 64.63200 0 0 0 0 0
6.65737 -8.02671 64.83190 0 0 0 0 0
7.80304 -4.98273 63.46510 0 0 0 0 0
8.08622 -3.81407 63.52980 0 0 0 0 0
8.36196 -4.15920 65.07210 0 0 0 0 0
8.06505 -5.36799 64.97190 0 0 0 0 0
6.14394 -8.15448 68.03700 0 0 0 0 0
6.44707 -8.01475 68.47210 0 0 0 0 0
6.23559 -8.18145 68.49680 0 0 0 0 0
6.05009 -8.24444 68.35620 0 0 0 0 0
6.29191 -8.17873 68.63330 0 0 0 0 0
6.14061 -8.37155 68.80000 0 0 0 0 0
4.78204 -8.95877 67.47810 0 0 0 0 0
4.88779 -8.79232 66.96960 0 0 0 0 0
5.77003 -8.33509 67.40510 0 0 0 0 0
5.59711 -8.42101 67.72840 0 0 0 0 0
6.48622 -7.92045 67.83800 0 0 0 0 0
5.55125 -8.63317 68.14150 0 0 0 0 0
2.16056 -9.44484 67.66530 0 0 0 0 0
1.72994 -9.54361 67.33140 0 0 0 0 0
2.61397 -9.26162 66.95580 0 0 0 0 0
2.78630 -9.32064 67.38660 0 0 0 0 0
4.71863 -9.08145 67.92450 0 0 0 0 0
2.33960 -9.51250 67.95690 0 0 0 0 0
2.94105 -9.50641 67.86990 0 0 0 0 0
2.00861 -9.44854 67.96400 0 0 0 0 0
1.80668 -9.50562 67.88210 0 0 0 0 0
3.70619 -9.23498 67.35100 0 0 0 0 0
3.75095 -9.35869 67.78250 0 0 0 0 0
1.45884 -9.66130 67.90710 0 0 0 0 0
7.03179 -7.62313 69.13100 0 0 0 0 0
6.52571 -8.07454 68.76660 0 0 0 0 0
6.98489 -7.49477 68.49800 0 0 0 0 0
2.98811 -9.98495 69.18520 0 0 0 0 0
2.93540 -10.14230 69.61890 0 0 0 0 0
2.17076 -9.95149 68.99280 0 0 0 0 0
2.33375 -9.74473 68.59030 0 0 0 0 0
5.04342 -9.80188 69.60400 0 0 0 0 0
5.76953 -9.15695 69.31340 0 0 0 0 0
6.10259 -9.22147 69.74240 0 0 0 0 0
5.06347 -10.01250 69.95740 0 0 0 0 0
6.46479 -9.21329 70.32350 0 0 0 0 0
6.44641 -8.35824 69.14450 0 0 0 0 0
6.89733 -8.21223 69.66310 0 0 0 0 0
2.01536 -9.51934 68.21130 0 0 0 0 0
1.79904 -9.60718 68.27840 0 0 0 0 0
2.83238 -10.63120 70.02200 0 0 0 0 0
1.87647 -10.33090 69.43350 0 0 0 0 0
5.29571 -10.12620 70.49920 0 0 0 0 0
1.48658 -9.90269 68.49510 0 0 0 0 0
3.95625 -10.14980 69.52850 0 0 0 0 0
3.97822 -10.40110 69.85670 0 0 0 0 0
4.05449 -10.58750 70.32040 0 0 0 0 0
10.17500 2.07536 65.33340 0 0 0 0 0
9.45536 2.15949 65.27340 0 0 0 0 0
10.21350 3.07527 66.93310 0 0 0 0 0
10.85090 2.87951 66.78900 0 0 0 0 0
11.40700 3.14909 68.39660 0 0 0 0 0
11.46680 2.66221 68.16510 0 0 0 0 0
10.82840 2.25862 66.62580 0 0 0 0 0
10.55620 3.24593 68.36990 0 0 0 0 0
10.26070 1.50886 65.44890 0 0 0 0 0
10.62140 2.09293 69.63830 0 0 0 0 0
10.54220 0.87214 70.12670 0 0 0 0 0
11.20810 0.78100 69.84130 0 0 0 0 0
11.42260 1.99227 69.50110 0 0 0 0 0
9.49348 1.32417 63.95200 0 0 0 0 0
8.88026 1.45532 64.08470 0 0 0 0 0
10.23790 -0.57053 69.66920 0 0 0 0 0
10.75690 -0.38043 69.51600 0 0 0 0 0
11.47600 2.02703 68.83190 0 0 0 0 0
11.28070 0.93444 69.11860 0 0 0 0 0
9.97298 -0.69665 67.76620 0 0 0 0 0
10.25170 1.19319 67.24430 0 0 0 0 0
9.70137 0.91812 64.30810 0 0 0 0 0
9.57790 0.81677 65.66750 0 0 0 0 0
10.62700 1.79105 66.50130 0 0 0 0 0
10.96250 1.86584 67.60130 0 0 0 0 0
9.12810 0.29586 64.81280 0 0 0 0 0
8.17128 0.69900 63.06400 0 0 0 0 0
8.75293 0.04858 62.74170 0 0 0 0 0
9.74489 -0.28439 69.13010 0 0 0 0 0
9.79975 2.87844 68.37810 0 0 0 0 0
8.51018 2.02550 65.18400 0 0 0 0 0
9.86253 1.72289 69.61190 0 0 0 0 0
9.10896 -0.41569 63.60390 0 0 0 0 0
9.55492 -0.68656 66.79820 0 0 0 0 0
9.01335 -0.17427 65.35790 0 0 0 0 0
9.90643 0.56885 69.60930 0 0 0 0 0
7.41450 -7.26029 69.49480 0 0 0 0 0
1.41297 -9.33445 58.60840 0 0 0 0 0
0.00025 -9.20216 56.88030 0 0 0 0 0
1.09976 -9.10733 56.91750 0 0 0 0 0
2.37166 -9.67079 61.21270 0 0 0 0 0
3.67943 -9.07777 66.88560 0 0 0 0 0
0.00025 -10.26550 60.12420 0 0 0 0 0
0.68097 -10.03980 59.15860 0 0 0 0 0
0.00025 -10.08390 59.13560 0 0 0 0 0
2.90024 -11.01760 70.72040 0 0 0 0 0
5.07800 -8.76958 66.59730 0 0 0 0 0
3.70103 -9.10763 66.47030 0 0 0 0 0
6.21984 -8.21714 66.94360 0 0 0 0 0
5.47235 -10.29680 71.08060 0 0 0 0 0
4.12140 -10.79630 71.00960 0 0 0 0 0
0.00667 -3.16414 54.18320 0 0 0 0 0
4.74342 -1.65080 62.91110 0 0 0 0 0
0.00038 -4.76452 63.09650 0 0 0 0 0
0.00037 -0.47530 63.22130 0 0 0 0 0
0.00037 0.49850 61.95560 0 0 0 0 0
0.00025 -10.01980 58.93070 0 0 0 0 0
0.70945 -9.97740 58.93790 0 0 0 0 0
0.00024 12.50590 77.04630 0 0 0 0 0
0.00024 -11.34690 66.44210 0 0 0 0 0
-0.00545 -1.63047 52.71020 0 0 0 0 0
3.82529 -9.17170 65.81220 0 0 0 0 0
4.91226 -8.94948 77.86600 0 0 0 0 0
4.73791 -9.93318 75.79360 0 0 0 0 0
3.37604 -9.49732 78.14880 0 0 0 0 0
3.23496 -10.47070 76.09210 0 0 0 0 0
0.00024 -9.82675 78.58580 0 0 0 0 0
1.52517 -9.70523 78.43350 0 0 0 0 0
1.56665 -8.59399 79.82080 0 0 0 0 0
0.00024 -8.62416 79.98790 0 0 0 0 0
1.41422 3.34623 53.55420 0 0 0 0 0
0.90239 3.12205 54.32830 0 0 0 0 0
1.62015 2.58507 54.29360 0 0 0 0 0
2.28841 2.97823 53.45570 0 0 0 0 0
2.57885 1.58373 53.77450 0 0 0 0 0
2.32457 -0.27826 52.93740 0 0 0 0 0
2.63800 0.47360 53.50200 0 0 0 0 0
0.55219 3.61596 53.54480 0 0 0 0 0
0.48675 3.42121 54.05290 0 0 0 0 0
1.18953 -1.00245 52.54010 0 0 0 0 0
0.57124 -1.24124 52.34700 0 0 0 0 0
1.79668 -0.63649 52.66420 0 0 0 0 0
0.00000 -1.27358 52.12110 0 0 0 0 0
3.39089 0.30363 53.17820 0 0 0 0 0
3.42035 1.62006 53.33980 0 0 0 0 0
2.13945 -1.11589 52.30460 0 0 0 0 0
3.30386 -0.44910 52.61610 0 0 0 0 0
1.30138 -1.66925 52.15310 0 0 0 0 0
0.55998 -1.87798 52.06190 0 0 0 0 0
3.26770 2.48458 53.32390 0 0 0 0 0
0.00000 -1.78002 51.79980 0 0 0 0 0
0.00381 3.40096 54.46670 0 0 0 0 0
0.00000 3.53426 54.05420 0 0 0 0 0
0.00000 3.66454 53.53370 0 0 0 0 0
1.59404 -8.94520 57.94750 0 0 0 0 0
0.00025 -9.43118 58.46710 0 0 0 0 0
0.71879 -9.41534 58.51450 0 0 0 0 0
0.85161 -9.08471 57.86150 0 0 0 0 0
0.00025 -9.15227 57.80090 0 0 0 0 0
1.74614 -8.95973 57.12800 0 0 0 0 0
0.00025 -11.59180 62.92210 0 0 0 0 0
7.33483 -4.46792 61.52660 0 0 0 0 0
5.49829 -4.91805 57.91620 0 0 0 0 0
2.36195 -5.88432 54.94380 0 0 0 0 0
-0.00080 -6.11653 54.74370 0 0 0 0 0
4.39747 -5.27313 56.16220 0 0 0 0 0
7.64942 -6.70612 64.85870 0 0 0 0 0
7.65400 -6.89206 66.14780 0 0 0 0 0
6.61144 -8.13691 66.12460 0 0 0 0 0
0.60399 -11.70250 63.19440 0 0 0 0 0
0.00025 -11.93360 63.08930 0 0 0 0 0
0.70414 -12.03370 63.46740 0 0 0 0 0
0.00025 -12.29790 63.40070 0 0 0 0 0
5.18659 -8.82992 65.92570 0 0 0 0 0
-2.07191 -8.70179 59.80790 0 0 0 0 0
-2.49733 -8.17160 59.80850 0 0 0 0 0
-2.45049 -8.38529 60.02090 0 0 0 0 0
-2.04870 -8.87085 60.12630 0 0 0 0 0
-1.52191 -9.07118 59.86430 0 0 0 0 0
-1.63103 -9.35653 60.14860 0 0 0 0 0
-1.02896 -9.27348 59.55170 0 0 0 0 0
-1.17228 -9.48033 60.17940 0 0 0 0 0
-0.59737 -9.55669 60.15890 0 0 0 0 0
-0.57508 -9.40423 59.89720 0 0 0 0 0
-0.61522 -9.68280 60.03410 0 0 0 0 0
-0.78345 -9.55480 60.38420 0 0 0 0 0
-2.08256 -9.01112 59.94890 0 0 0 0 0
-2.38116 -8.33344 60.28470 0 0 0 0 0
-1.88265 -9.05047 60.33530 0 0 0 0 0
-1.63414 -9.33603 60.00110 0 0 0 0 0
-1.31260 -9.36497 60.35500 0 0 0 0 0
-2.02426 -4.88274 58.57330 0 0 0 0 0
-3.03090 -0.68893 58.47810 0 0 0 0 0
-2.10479 -7.97081 62.17910 0 0 0 0 0
-1.85474 -8.76964 61.21290 0 0 0 0 0
-3.04648 -7.59472 61.31170 0 0 0 0 0
-3.71325 -5.02100 62.59020 0 0 0 0 0
-1.32451 -7.49762 58.81380 0 0 0 0 0
-1.43819 -8.61892 59.09530 0 0 0 0 0
-4.86306 -0.64549 59.24130 0 0 0 0 0
-3.21850 -5.69352 58.73120 0 0 0 0 0
-5.05095 -0.91482 61.32280 0 0 0 0 0
-4.43168 -5.34396 60.47340 0 0 0 0 0
-0.65135 -9.38686 61.08000 0 0 0 0 0
-3.08786 -7.56436 60.17020 0 0 0 0 0
-2.62026 -8.06919 60.11760 0 0 0 0 0
-2.79118 -7.00673 58.84660 0 0 0 0 0
-1.18566 -9.51483 60.01990 0 0 0 0 0
-0.94360 3.27432 55.00110 0 0 0 0 0
-1.76271 2.74521 54.94030 0 0 0 0 0
-1.97761 3.07355 55.70610 0 0 0 0 0
-1.06203 3.67056 55.78870 0 0 0 0 0
-1.96622 -1.03866 54.30990 0 0 0 0 0
-2.58491 -0.02599 54.79980 0 0 0 0 0
-2.24377 -0.14532 54.02590 0 0 0 0 0
-1.65916 -0.98741 53.63110 0 0 0 0 0
-2.55005 0.85011 54.46850 0 0 0 0 0
-2.52329 0.61720 53.77420 0 0 0 0 0
-1.98077 -0.36774 53.19940 0 0 0 0 0
-0.91621 -1.63452 53.34800 0 0 0 0 0
-1.09615 -2.07570 53.82910 0 0 0 0 0
-2.81316 1.10637 55.21590 0 0 0 0 0
-2.38341 1.82073 54.78900 0 0 0 0 0
-2.40616 1.58235 54.11520 0 0 0 0 0
-2.61157 2.18150 55.52970 0 0 0 0 0
0.00039 3.49225 55.05200 0 0 0 0 0
0.00000 3.87776 55.82230 0 0 0 0 0
-1.33805 -0.96210 53.01010 0 0 0 0 0
-0.73749 -1.41639 52.82520 0 0 0 0 0
-2.13836 -3.89265 54.86030 0 0 0 0 0
-1.67515 -3.32256 54.63540 0 0 0 0 0
-4.05331 3.84081 57.61330 0 0 0 0 0
-4.23515 1.80155 57.20240 0 0 0 0 0
-5.77266 2.39653 59.01000 0 0 0 0 0
-6.28383 5.64102 59.99520 0 0 0 0 0
0.00024 12.41410 64.49190 0 0 0 0 0
-2.74845 11.98060 64.47380 0 0 0 0 0
-3.33555 12.90780 71.00440 0 0 0 0 0
0.00024 13.39160 71.10960 0 0 0 0 0
-7.46160 4.84125 61.36770 0 0 0 0 0
-8.09260 5.37257 63.25270 0 0 0 0 0
-7.51380 8.27825 63.99280 0 0 0 0 0
-7.18859 3.09840 60.94130 0 0 0 0 0
-6.99208 0.64119 61.36360 0 0 0 0 0
-7.85332 0.76916 62.78510 0 0 0 0 0
-7.74818 3.36042 61.83750 0 0 0 0 0
-5.39176 10.79040 64.37570 0 0 0 0 0
-6.18856 11.24960 70.53310 0 0 0 0 0
-8.55495 9.04992 69.31010 0 0 0 0 0
0.00024 9.44928 60.30160 0 0 0 0 0
-2.21111 8.92072 60.27590 0 0 0 0 0
-9.63724 3.28142 68.98660 0 0 0 0 0
-9.32752 6.25178 68.86280 0 0 0 0 0
-8.48711 3.25759 64.67680 0 0 0 0 0
-3.39512 -0.98957 56.51550 0 0 0 0 0
-2.47046 -1.08624 55.09110 0 0 0 0 0
-1.26774 -2.82057 54.33560 0 0 0 0 0
-3.90664 0.25591 56.92980 0 0 0 0 0
-5.76418 -0.60517 57.86630 0 0 0 0 0
-5.71316 0.47568 58.59220 0 0 0 0 0
-4.39077 7.77867 60.07790 0 0 0 0 0
-3.20939 0.10137 55.62500 0 0 0 0 0
-3.40400 1.44011 56.07660 0 0 0 0 0
-3.18804 2.76187 56.40910 0 0 0 0 0
-2.42886 3.90112 56.63910 0 0 0 0 0
-1.29990 4.57222 56.74030 0 0 0 0 0
0.00000 4.79368 56.77520 0 0 0 0 0
-3.47132 5.33457 57.81950 0 0 0 0 0
-1.76652 6.23107 57.96550 0 0 0 0 0
0.00018 6.44992 58.03330 0 0 0 0 0
-1.78105 -10.81910 63.99720 0 0 0 0 0
-1.67466 -10.78650 64.71660 0 0 0 0 0
-2.12402 -10.04340 64.29310 0 0 0 0 0
-2.13714 -10.18010 63.79870 0 0 0 0 0
-2.24899 -9.86509 64.48060 0 0 0 0 0
-2.17577 -9.63887 63.45260 0 0 0 0 0
-1.56065 -10.42560 64.98350 0 0 0 0 0
-1.16356 -11.48520 64.83780 0 0 0 0 0
-1.02727 -11.26510 65.26090 0 0 0 0 0
-1.22496 -11.68500 64.20240 0 0 0 0 0
-1.46967 -10.87240 63.34100 0 0 0 0 0
-1.00566 -11.32090 63.45960 0 0 0 0 0
-1.17764 -11.66310 63.78480 0 0 0 0 0
-1.69262 -10.85570 63.62380 0 0 0 0 0
-1.59859 -10.00020 63.16150 0 0 0 0 0
-1.97093 -10.21420 63.41690 0 0 0 0 0
-1.97621 -9.86128 63.32140 0 0 0 0 0
-1.64595 -9.80177 63.04510 0 0 0 0 0
-0.31310 -10.32050 62.77250 0 0 0 0 0
-1.18903 -10.15020 63.33710 0 0 0 0 0
-0.74709 -11.90440 65.01810 0 0 0 0 0
-0.76838 -12.16400 64.29820 0 0 0 0 0
-0.76394 -12.19840 63.85020 0 0 0 0 0
-0.41030 -10.92820 62.90620 0 0 0 0 0
-0.48528 -11.37760 63.00620 0 0 0 0 0
-0.87960 -10.58070 63.61370 0 0 0 0 0
-0.73794 -11.43080 65.72330 0 0 0 0 0
-0.31417 -10.16810 62.67160 0 0 0 0 0
-0.31587 -10.11570 62.52830 0 0 0 0 0
-0.64373 -10.34420 61.55910 0 0 0 0 0
-0.69627 -10.63950 61.21710 0 0 0 0 0
-0.47058 -10.17420 62.21440 0 0 0 0 0
-1.65274 -9.66591 62.84610 0 0 0 0 0
-1.73881 -9.63438 62.47740 0 0 0 0 0
-1.58998 -10.00430 61.47690 0 0 0 0 0
-1.42405 -10.25150 60.96490 0 0 0 0 0
-3.18279 -8.50034 59.72730 0 0 0 0 0
-2.75845 -8.62311 59.85150 0 0 0 0 0
-2.85155 -8.73268 60.09220 0 0 0 0 0
-3.34783 -8.71675 60.31980 0 0 0 0 0
-2.67357 -8.82581 59.14070 0 0 0 0 0
-2.47563 -9.01080 59.61040 0 0 0 0 0
-1.92079 -9.23875 58.70880 0 0 0 0 0
-1.77747 -9.61281 59.17610 0 0 0 0 0
-1.76227 -9.62571 59.40570 0 0 0 0 0
-2.41356 -9.08893 59.73390 0 0 0 0 0
-2.66366 -8.72500 60.03490 0 0 0 0 0
-2.63041 -8.63252 59.90410 0 0 0 0 0
-2.52045 -8.60658 59.95810 0 0 0 0 0
-2.28904 -9.14112 59.95070 0 0 0 0 0
-1.71785 -9.56676 59.79810 0 0 0 0 0
-1.27308 -9.84527 59.71410 0 0 0 0 0
-1.33451 -9.79580 59.02880 0 0 0 0 0
-1.31253 -9.87371 59.25460 0 0 0 0 0
-0.67939 -10.01810 59.64740 0 0 0 0 0
-2.61858 -9.24512 60.39830 0 0 0 0 0
-3.04785 -9.18178 60.85780 0 0 0 0 0
-0.68557 -10.69810 60.80660 0 0 0 0 0
-2.53959 -9.27266 60.22000 0 0 0 0 0
-0.66167 -10.24000 60.20680 0 0 0 0 0
-1.29883 -10.02880 60.17190 0 0 0 0 0
-2.52359 -8.63855 60.01200 0 0 0 0 0
-2.28810 -9.34111 59.97260 0 0 0 0 0
-1.39002 -10.24670 60.62710 0 0 0 0 0
-2.03659 -9.89878 60.73170 0 0 0 0 0
-1.98195 -9.87853 60.44920 0 0 0 0 0
-1.84977 -9.75681 60.08700 0 0 0 0 0
-7.26123 0.04985 59.73180 0 0 0 0 0
-7.88104 -0.14251 61.08390 0 0 0 0 0
-6.90044 -5.48282 61.38580 0 0 0 0 0
-6.23356 -5.00006 59.55570 0 0 0 0 0
-5.57243 -6.24501 59.38020 0 0 0 0 0
-6.20248 -6.66211 61.20940 0 0 0 0 0
-6.78971 -3.95184 59.74030 0 0 0 0 0
-7.34152 -2.93780 59.99370 0 0 0 0 0
-6.72984 -2.76627 58.51070 0 0 0 0 0
-6.16058 -3.72183 58.14030 0 0 0 0 0
-1.94286 -7.94419 55.20060 0 0 0 0 0
-1.54620 -8.86489 56.00370 0 0 0 0 0
-2.56435 -8.21836 56.69010 0 0 0 0 0
-3.12979 -7.51267 56.24400 0 0 0 0 0
-4.89946 -7.26327 59.45030 0 0 0 0 0
-4.29877 -8.03290 59.56450 0 0 0 0 0
-4.55280 -8.44167 61.00410 0 0 0 0 0
-5.41064 -7.74009 61.06250 0 0 0 0 0
-3.08414 -8.50685 58.58450 0 0 0 0 0
-2.19372 -8.74356 58.19110 0 0 0 0 0
-7.53987 -0.72214 59.41320 0 0 0 0 0
-8.27085 -0.41213 62.43650 0 0 0 0 0
-3.64582 -8.02031 58.28410 0 0 0 0 0
-4.26677 -7.20140 57.93180 0 0 0 0 0
-8.10799 -0.97877 60.66690 0 0 0 0 0
-2.13053 -6.89622 54.95680 0 0 0 0 0
-3.59676 -6.51529 56.13120 0 0 0 0 0
-5.83303 -1.78397 57.28480 0 0 0 0 0
-2.50253 -4.38870 54.97270 0 0 0 0 0
-2.53264 -5.28389 54.96650 0 0 0 0 0
-2.59679 -4.78116 54.98840 0 0 0 0 0
-8.48674 -1.22588 62.33010 0 0 0 0 0
-5.33854 -2.97301 56.82130 0 0 0 0 0
-4.89955 -4.06018 56.47520 0 0 0 0 0
-3.71743 -8.35867 59.69290 0 0 0 0 0
-3.94361 -8.58701 60.69300 0 0 0 0 0
-7.27615 -1.70412 58.96570 0 0 0 0 0
-4.89634 -6.19904 57.86850 0 0 0 0 0
-7.86431 -1.88383 60.32150 0 0 0 0 0
-7.80964 -3.35152 61.80670 0 0 0 0 0
-8.21346 -2.19662 62.08980 0 0 0 0 0
-6.75778 -5.61301 78.53870 0 0 0 0 0
-3.70676 -6.89219 80.40210 0 0 0 0 0
-3.78285 -4.09609 81.51030 0 0 0 0 0
-7.18121 -3.17454 79.44470 0 0 0 0 0
-3.86312 0.51994 82.21630 0 0 0 0 0
-7.59934 0.60903 79.99110 0 0 0 0 0
-9.30495 0.52674 77.33050 0 0 0 0 0
-8.73829 -2.45526 77.58380 0 0 0 0 0
0.00024 -7.29300 80.77810 0 0 0 0 0
0.00024 -4.58331 81.89920 0 0 0 0 0
0.00024 0.35954 82.57660 0 0 0 0 0
-9.91016 2.02962 70.36200 0 0 0 0 0
-9.74871 5.48919 71.65870 0 0 0 0 0
-9.65063 -1.31520 73.87450 0 0 0 0 0
-9.92350 0.47493 74.10690 0 0 0 0 0
-9.72934 -0.15320 70.46410 0 0 0 0 0
-9.50702 -1.13665 69.98150 0 0 0 0 0
-9.16824 8.31545 73.35770 0 0 0 0 0
-9.60723 4.60686 76.75280 0 0 0 0 0
-7.51675 7.26324 78.81690 0 0 0 0 0
-6.85358 10.47930 75.54720 0 0 0 0 0
-3.73085 12.09410 76.75620 0 0 0 0 0
0.00024 5.41845 82.20230 0 0 0 0 0
0.00024 9.18893 80.38870 0 0 0 0 0
-4.07561 8.74502 79.92520 0 0 0 0 0
-3.99339 5.16898 81.77910 0 0 0 0 0
-9.91928 0.94909 70.68630 0 0 0 0 0
-10.08160 3.22929 73.59060 0 0 0 0 0
-7.73968 4.46028 80.00360 0 0 0 0 0
-8.27392 -4.97653 76.15020 0 0 0 0 0
-6.38834 -7.84807 77.32260 0 0 0 0 0
-2.99294 -11.21170 72.07570 0 0 0 0 0
-1.62802 -11.37540 71.83020 0 0 0 0 0
-1.52270 -11.25900 74.05170 0 0 0 0 0
-3.11765 -11.06840 74.11560 0 0 0 0 0
-0.80830 -11.13350 69.97930 0 0 0 0 0
-0.59391 -10.56810 68.86140 0 0 0 0 0
-0.78268 -11.29730 71.48400 0 0 0 0 0
-4.91194 -7.87867 79.08340 0 0 0 0 0
-3.52115 -8.33474 79.55250 0 0 0 0 0
-6.08316 -8.94248 75.36070 0 0 0 0 0
-7.79922 -6.50604 74.36130 0 0 0 0 0
-7.36852 -7.66862 73.14260 0 0 0 0 0
-5.85619 -9.86430 73.65000 0 0 0 0 0
-6.95175 -8.93435 71.62060 0 0 0 0 0
-5.65778 -10.22930 71.92570 0 0 0 0 0
-8.34845 -5.26951 69.89210 0 0 0 0 0
-8.07254 -5.97576 71.74400 0 0 0 0 0
-8.59570 -4.38485 72.40600 0 0 0 0 0
-8.85585 -3.51824 69.97230 0 0 0 0 0
-9.37729 -1.89913 69.90680 0 0 0 0 0
-9.23398 -2.98933 73.14960 0 0 0 0 0
-1.50472 -10.77180 76.12980 0 0 0 0 0
-0.49348 -10.56670 68.03860 0 0 0 0 0
-1.08084 -10.22260 68.72180 0 0 0 0 0
-1.05216 -9.98483 67.93560 0 0 0 0 0
-1.72877 -11.15350 70.29930 0 0 0 0 0
-7.57852 -7.39324 70.88000 0 0 0 0 0
-7.27401 -7.93499 70.30400 0 0 0 0 0
-6.67005 -9.14139 70.82770 0 0 0 0 0
-4.29288 -10.84860 72.02440 0 0 0 0 0
-4.52359 -10.65450 73.91670 0 0 0 0 0
-0.56051 -10.76600 67.30520 0 0 0 0 0
-1.51906 -10.41420 65.19150 0 0 0 0 0
-1.37820 -10.18090 66.23390 0 0 0 0 0
-0.66781 -11.17680 66.41040 0 0 0 0 0
-1.29083 -9.92854 67.08520 0 0 0 0 0
-7.39132 -6.96667 67.65190 0 0 0 0 0
-7.47368 -6.94560 68.55140 0 0 0 0 0
-7.99146 -6.04116 68.54310 0 0 0 0 0
-8.07723 -5.91571 67.41140 0 0 0 0 0
-7.83896 -6.53959 69.79360 0 0 0 0 0
-8.42430 -4.73836 68.38300 0 0 0 0 0
-8.82147 -2.71148 65.75490 0 0 0 0 0
-8.81823 -3.11788 67.97990 0 0 0 0 0
-9.17375 -1.87574 67.64590 0 0 0 0 0
-9.10283 -1.81019 65.66540 0 0 0 0 0
-8.09897 -5.69869 66.08940 0 0 0 0 0
-8.47039 -4.53728 66.87700 0 0 0 0 0
-8.44945 -4.43396 66.11320 0 0 0 0 0
-7.34482 -6.23384 63.38220 0 0 0 0 0
-6.58340 -7.56020 63.18660 0 0 0 0 0
-8.47467 -2.42725 63.70950 0 0 0 0 0
-8.74653 -1.49605 63.72870 0 0 0 0 0
-9.33020 -1.00099 66.93680 0 0 0 0 0
-9.11510 -1.17031 65.29270 0 0 0 0 0
-8.82680 -0.83786 63.99760 0 0 0 0 0
-2.57144 -9.69846 64.61740 0 0 0 0 0
-4.45411 -8.98269 62.43180 0 0 0 0 0
-5.42980 -8.49102 62.81420 0 0 0 0 0
-9.55993 -1.08146 68.08610 0 0 0 0 0
-2.62841 -9.50987 63.36130 0 0 0 0 0
-3.89564 -9.31443 64.42510 0 0 0 0 0
-3.55727 -9.36234 63.27000 0 0 0 0 0
-2.50433 -9.41898 65.89830 0 0 0 0 0
-3.62717 -9.19463 61.72030 0 0 0 0 0
-2.45620 -9.33307 66.53200 0 0 0 0 0
-2.83199 -9.43553 62.22820 0 0 0 0 0
-5.36144 -8.94275 64.63200 0 0 0 0 0
-6.65737 -8.02672 64.83190 0 0 0 0 0
-7.80304 -4.98274 63.46510 0 0 0 0 0
-8.06505 -5.36799 64.97190 0 0 0 0 0
-8.36196 -4.15920 65.07210 0 0 0 0 0
-8.08622 -3.81408 63.52980 0 0 0 0 0
-6.14394 -8.15448 68.03700 0 0 0 0 0
-6.05009 -8.24445 68.35620 0 0 0 0 0
-6.23559 -8.18146 68.49680 0 0 0 0 0
-6.44706 -8.01476 68.47210 0 0 0 0 0
-6.14061 -8.37156 68.80000 0 0 0 0 0
-6.29191 -8.17874 68.63330 0 0 0 0 0
-4.78204 -8.95877 67.47810 0 0 0 0 0
-5.59711 -8.42101 67.72840 0 0 0 0 0
-5.77002 -8.33510 67.40510 0 0 0 0 0
-4.88779 -8.79232 66.96960 0 0 0 0 0
-6.70351 -7.92046 67.83800 0 0 0 0 0
-5.55125 -8.63317 68.14150 0 0 0 0 0
-2.16056 -9.44484 67.66530 0 0 0 0 0
-2.78630 -9.32064 67.38660 0 0 0 0 0
-2.61397 -9.26162 66.95580 0 0 0 0 0
-1.72994 -9.54361 67.33140 0 0 0 0 0
-4.71863 -9.08145 67.92440 0 0 0 0 0
-2.33960 -9.51250 67.95690 0 0 0 0 0
-2.94105 -9.50641 67.86990 0 0 0 0 0
-2.00861 -9.44854 67.96400 0 0 0 0 0
-1.80668 -9.50562 67.88210 0 0 0 0 0
-3.70619 -9.23498 67.35100 0 0 0 0 0
-3.75095 -9.35869 67.78250 0 0 0 0 0
-1.45885 -9.66130 67.90710 0 0 0 0 0
-7.03178 -7.62315 69.13100 0 0 0 0 0
-6.98489 -7.49478 68.49800 0 0 0 0 0
-6.52571 -8.07455 68.76660 0 0 0 0 0
-2.98811 -9.98495 69.18520 0 0 0 0 0
-2.33375 -9.74473 68.59030 0 0 0 0 0
-2.17076 -9.95149 68.99280 0 0 0 0 0
-2.93541 -10.14230 69.61890 0 0 0 0 0
-5.04342 -9.80188 69.60400 0 0 0 0 0
-5.06347 -10.01250 69.95740 0 0 0 0 0
-6.10259 -9.22147 69.74240 0 0 0 0 0
-5.76953 -9.15695 69.31340 0 0 0 0 0
-6.46478 -9.21330 70.32350 0 0 0 0 0
-6.89733 -8.21224 69.66310 0 0 0 0 0
-6.44641 -8.35825 69.14450 0 0 0 0 0
-2.01536 -9.51934 68.21130 0 0 0 0 0
-1.79904 -9.60718 68.27840 0 0 0 0 0
-1.87648 -10.33090 69.43350 0 0 0 0 0
-2.83237 -10.63120 70.02200 0 0 0 0 0
-5.29571 -10.12620 70.49920 0 0 0 0 0
-1.48658 -9.90269 68.49510 0 0 0 0 0
-3.97822 -10.40120 69.85670 0 0 0 0 0
-3.95625 -10.14980 69.52850 0 0 0 0 0
-4.05449 -10.58750 70.32040 0 0 0 0 0
-10.17500 2.07536 65.33340 0 0 0 0 0
-10.85090 2.87951 66.78900 0 0 0 0 0
-10.21350 3.07527 66.93310 0 0 0 0 0
-9.45537 2.15949 65.27340 0 0 0 0 0
-10.82840 2.25862 66.62580 0 0 0 0 0
-11.46680 2.66221 68.16510 0 0 0 0 0
-11.40710 3.14909 68.39660 0 0 0 0 0
-10.55620 3.24593 68.36990 0 0 0 0 0
-10.26070 1.50886 65.44890 0 0 0 0 0
-10.62140 2.09293 69.63830 0 0 0 0 0
-11.42260 1.99227 69.50110 0 0 0 0 0
-11.20810 0.78100 69.84130 0 0 0 0 0
-10.54220 0.87214 70.12670 0 0 0 0 0
-9.49349 1.32417 63.95200 0 0 0 0 0
-8.88026 1.45532 64.08470 0 0 0 0 0
-10.75690 -0.38043 69.51600 0 0 0 0 0
-10.23790 -0.57053 69.66920 0 0 0 0 0
-11.47600 2.02703 68.83190 0 0 0 0 0
-11.28070 0.93444 69.11860 0 0 0 0 0
-9.97298 -0.69665 67.76620 0 0 0 0 0
-10.25170 1.19319 67.24430 0 0 0 0 0
-9.70137 0.91812 64.30810 0 0 0 0 0
-10.96250 1.86584 67.60130 0 0 0 0 0
-10.62700 1.79105 66.50130 0 0 0 0 0
-9.57791 0.81677 65.66750 0 0 0 0 0
-9.12810 0.29586 64.81280 0 0 0 0 0
-8.17129 0.69900 63.06400 0 0 0 0 0
-8.75294 0.04858 62.74170 0 0 0 0 0
-9.74489 -0.28439 69.13010 0 0 0 0 0
-8.51019 2.02550 65.18400 0 0 0 0 0
-9.79975 2.87844 68.37810 0 0 0 0 0
-9.86253 1.72289 69.61190 0 0 0 0 0
-9.10897 -0.41569 63.60390 0 0 0 0 0
-9.55492 -0.68656 66.79820 0 0 0 0 0
-9.01335 -0.17427 65.35790 0 0 0 0 0
-9.90644 0.56885 69.60930 0 0 0 0 0
-7.41450 -7.26029 69.49480 0 0 0 0 0
-1.41297 -9.33445 58.60840 0 0 0 0 0
-1.09976 -9.10733 56.91750 0 0 0 0 0
-2.37166 -9.67079 61.21270 0 0 0 0 0
-3.67943 -9.07777 66.88560 0 0 0 0 0
-0.68097 -10.03980 59.15860 0 0 0 0 0
-2.90023 -11.01760 70.72040 0 0 0 0 0
-5.07800 -8.76958 66.59730 0 0 0 0 0
-3.70103 -9.10763 66.47030 0 0 0 0 0
-6.21984 -8.21714 66.94360 0 0 0 0 0
-5.47234 -10.29680 71.08060 0 0 0 0 0
-4.12140 -10.79630 71.00960 0 0 0 0 0
-4.74368 -1.65080 62.91110 0 0 0 0 0
-0.70945 -9.97740 58.93790 0 0 0 0 0
0.00024 12.50590 77.04630 0 0 0 0 0
-3.82529 -9.17170 65.81220 0 0 0 0 0
-4.91226 -8.94949 77.86600 0 0 0 0 0
-4.73791 -9.93319 75.79360 0 0 0 0 0
-3.37605 -9.49732 78.14880 0 0 0 0 0
-3.23497 -10.47070 76.09210 0 0 0 0 0
-1.56666 -8.59399 79.82080 0 0 0 0 0
-1.52518 -9.70523 78.43350 0 0 0 0 0
-1.41374 3.34623 53.55420 0 0 0 0 0
-2.28753 2.97823 53.45570 0 0 0 0 0
-1.62015 2.57189 54.29360 0 0 0 0 0
-0.90239 3.12205 54.32830 0 0 0 0 0
-2.57885 1.58373 53.77450 0 0 0 0 0
-2.32457 -0.27826 52.93740 0 0 0 0 0
-2.63800 0.47360 53.50200 0 0 0 0 0
-0.55237 3.61596 53.54480 0 0 0 0 0
-0.48675 3.42121 54.05290 0 0 0 0 0
-1.18953 -1.00245 52.54010 0 0 0 0 0
-0.57124 -1.24124 52.34700 0 0 0 0 0
-1.79668 -0.63649 52.66420 0 0 0 0 0
-3.42035 1.62006 53.33980 0 0 0 0 0
-3.39042 0.30363 53.17820 0 0 0 0 0
-3.30386 -0.44910 52.61610 0 0 0 0 0
-2.13945 -1.11590 52.30460 0 0 0 0 0
-1.30137 -1.66925 52.15310 0 0 0 0 0
-0.55998 -1.87798 52.06190 0 0 0 0 0
-3.26770 2.48458 53.32390 0 0 0 0 0
0.00381 3.40096 54.46670 0 0 0 0 0
0.00000 3.53426 54.05420 0 0 0 0 0
0.00000 3.66454 53.53370 0 0 0 0 0
-1.59404 -8.94520 57.94750 0 0 0 0 0
-0.71879 -9.41534 58.51450 0 0 0 0 0
-0.85160 -9.08471 57.86150 0 0 0 0 0
-1.74615 -8.95973 57.12800 0 0 0 0 0
-7.33481 -4.46792 61.52660 0 0 0 0 0
-5.49827 -4.91805 57.91620 0 0 0 0 0
-2.36197 -5.88432 54.94380 0 0 0 0 0
-4.39746 -5.27314 56.16220 0 0 0 0 0
-7.64942 -6.70612 64.85870 0 0 0 0 0
-7.65400 -6.89205 66.14780 0 0 0 0 0
-6.61144 -8.13691 66.12460 0 0 0 0 0
-0.60399 -11.70250 63.19440 0 0 0 0 0
-0.70414 -12.03370 63.46740 0 0 0 0 0
-5.18658 -8.82992 65.92570 0 0 0 0 0
3.94330 -5.12242 60.32420 0 0 0 0 0
4.59230 -1.34715 60.52080 0 0 0 0 0
4.59230 -1.47416 62.85990 0 0 0 0 0
3.94330 -5.24720 62.62210 0 0 0 0 0
3.19490 -1.40138 60.51790 0 0 0 0 0
3.19490 -1.52840 62.85690 0 0 0 0 0
4.59230 -1.47416 62.85990 0 0 0 0 0
4.59230 -1.34715 60.52080 0 0 0 0 0
0.03907 -7.25339 60.67280 0 0 0 0 0
1.78875 -6.92867 60.66990 0 0 0 0 0
2.59868 -7.43444 60.02320 0 0 0 0 0
0.03907 -7.82228 59.98690 0 0 0 0 0
0.03907 -7.94404 62.42000 0 0 0 0 0
2.59868 -7.55620 62.44100 0 0 0 0 0
1.78875 -6.36868 62.50560 0 0 0 0 0
0.03907 -6.69341 62.48790 0 0 0 0 0
2.59868 -7.55620 62.44100 0 0 0 0 0
0.03907 -7.94404 62.42000 0 0 0 0 0
2.91537 -4.72181 60.77160 0 0 0 0 0
2.66791 -4.84659 62.64380 0 0 0 0 0
3.19490 -1.52840 62.85690 0 0 0 0 0
3.19490 -1.40138 60.51790 0 0 0 0 0
0.03907 -6.69341 62.48790 0 0 0 0 0
1.78875 -6.36868 62.50560 0 0 0 0 0
-3.86515 -5.12242 60.32420 0 0 0 0 0
-3.86515 -5.24720 62.62210 0 0 0 0 0
-4.51415 -1.47416 62.85990 0 0 0 0 0
-4.51415 -1.34715 60.52080 0 0 0 0 0
-3.11675 -1.40138 60.51790 0 0 0 0 0
-4.51415 -1.34715 60.52080 0 0 0 0 0
-4.51415 -1.47416 62.85990 0 0 0 0 0
-3.11675 -1.52840 62.85690 0 0 0 0 0
-2.52054 -7.43444 60.02320 0 0 0 0 0
-1.71060 -6.92867 60.66990 0 0 0 0 0
-1.71060 -6.36868 62.50560 0 0 0 0 0
-2.52054 -7.55620 62.44100 0 0 0 0 0
-2.52054 -7.55620 62.44100 0 0 0 0 0
-2.83722 -4.72181 60.77160 0 0 0 0 0
-3.11675 -1.40138 60.51790 0 0 0 0 0
-3.11675 -1.52840 62.85690 0 0 0 0 0
-2.58976 -4.84659 62.64380 0 0 0 0 0
-1.71060 -6.36868 62.50560 0 0 0 0 0
3.94330 -5.24720 62.62210 0 0 0 0 0
2.66791 -4.84659 62.64380 0 0 0 0 0
-2.58976 -4.84659 62.64380 0 0 0 0 0
-3.86515 -5.24720 62.62210 0 0 0 0 0
3.83645 -4.74422 58.92010 0 0 0 0 0
4.44514 -1.40676 59.13060 0 0 0 0 0
4.44514 -1.55420 61.31170 0 0 0 0 0
3.83645 -4.88906 61.06000 0 0 0 0 0
3.09291 -1.45674 59.12750 0 0 0 0 0
3.23033 -1.60418 61.30850 0 0 0 0 0
4.44514 -1.55420 61.31170 0 0 0 0 0
4.44514 -1.40676 59.13060 0 0 0 0 0
0.03907 -6.07982 58.83590 0 0 0 0 0
1.89336 -5.78055 58.85480 0 0 0 0 0
2.51652 -6.92190 58.78580 0 0 0 0 0
0.03907 -7.51609 58.76320 0 0 0 0 0
0.03907 -7.65744 60.84770 0 0 0 0 0
2.51652 -7.06325 60.87020 0 0 0 0 0
1.67216 -6.60600 60.93920 0 0 0 0 0
0.03907 -6.90527 60.92030 0 0 0 0 0
2.51652 -6.92190 58.78580 0 0 0 0 0
0.03907 -7.51609 58.76320 0 0 0 0 0
2.59597 -4.37501 58.94340 0 0 0 0 0
2.71103 -4.51986 61.08330 0 0 0 0 0
3.23033 -1.60418 61.30850 0 0 0 0 0
3.09291 -1.45674 59.12750 0 0 0 0 0
0.03907 -6.07982 58.83590 0 0 0 0 0
1.89336 -5.78055 58.85480 0 0 0 0 0
2.59597 -4.37501 58.94340 0 0 0 0 0
3.83645 -4.74422 58.92010 0 0 0 0 0
-3.75831 -4.74422 58.92010 0 0 0 0 0
-3.75831 -4.88906 61.06000 0 0 0 0 0
-4.36699 -1.55420 61.31170 0 0 0 0 0
-4.36699 -1.40676 59.13060 0 0 0 0 0
-3.01477 -1.45674 59.12750 0 0 0 0 0
-4.36699 -1.40676 59.13060 0 0 0 0 0
-4.36699 -1.55420 61.31170 0 0 0 0 0
-3.15218 -1.60418 61.30850 0 0 0 0 0
-2.43838 -6.92190 58.78580 0 0 0 0 0
-1.81521 -5.78055 58.85480 0 0 0 0 0
-1.59401 -6.60600 60.93920 0 0 0 0 0
-2.43838 -7.06325 60.87020 0 0 0 0 0
-2.43838 -6.92190 58.78580 0 0 0 0 0
-2.51782 -4.37501 58.94340 0 0 0 0 0
-3.01477 -1.45674 59.12750 0 0 0 0 0
-3.15218 -1.60418 61.30850 0 0 0 0 0
-2.63288 -4.51986 61.08330 0 0 0 0 0
-1.81521 -5.78055 58.85480 0 0 0 0 0
-3.75831 -4.74422 58.92010 0 0 0 0 0
-2.51782 -4.37501 58.94340 0 0 0 0 0
-1.05668 -0.68118 57.37150 0 0 0 0 0
-2.03301 -1.99310 58.59500 0 0 0 0 0
-3.01842 -1.74023 59.29580 0 0 0 0 0
-2.43015 0.15929 57.44510 0 0 0 0 0
2.47637 0.24352 57.42590 0 0 0 0 0
3.09656 -1.66520 59.29580 0 0 0 0 0
2.13182 -1.93669 58.59500 0 0 0 0 0
1.12841 -0.64304 57.37150 0 0 0 0 0
0.01389 0.59681 57.53540 0 0 0 0 0
0.03876 -0.82794 59.91880 0 0 0 0 0
1.89057 -0.85959 59.98370 0 0 0 0 0
1.32082 -0.36006 58.36410 0 0 0 0 0
0.05469 -2.82883 60.52810 0 0 0 0 0
1.73699 -3.41735 60.58870 0 0 0 0 0
2.25042 -0.53442 58.56570 0 0 0 0 0
2.99677 -1.29298 59.90710 0 0 0 0 0
2.69808 -3.95903 60.32010 0 0 0 0 0
2.89582 -4.08700 59.65080 0 0 0 0 0
2.54804 -3.89495 59.17830 0 0 0 0 0
0.05680 -1.87685 58.23510 0 0 0 0 0
0.05429 -1.30304 57.42640 0 0 0 0 0
0.06580 -3.16192 58.88580 0 0 0 0 0
0.05429 -1.30304 57.42640 0 0 0 0 0
0.05680 -1.87685 58.23510 0 0 0 0 0
0.06580 -3.16192 58.88580 0 0 0 0 0
-2.45434 -3.89393 59.17830 0 0 0 0 0
-2.82532 -4.07031 59.65080 0 0 0 0 0
-2.21919 0.64726 57.48830 0 0 0 0 0
-2.92684 -1.36966 59.90710 0 0 0 0 0
-2.64234 -3.93229 60.32010 0 0 0 0 0
-1.47693 0.88300 57.52910 0 0 0 0 0
-1.82315 -0.91585 59.98450 0 0 0 0 0
-1.66749 -3.40292 60.58840 0 0 0 0 0
-1.18739 -5.13624 60.35780 0 0 0 0 0
0.03781 -4.57285 60.51370 0 0 0 0 0
-1.81968 -5.67214 60.03710 0 0 0 0 0
-1.61617 -5.43673 59.07810 0 0 0 0 0
-1.91805 -5.72946 59.47710 0 0 0 0 0
-1.91805 -5.72946 59.47710 0 0 0 0 0
0.06609 -4.99886 58.87760 0 0 0 0 0
1.72544 -5.46902 59.07810 0 0 0 0 0
0.06609 -4.99886 58.87760 0 0 0 0 0
2.00122 -5.77903 59.47710 0 0 0 0 0
1.87153 -5.73026 60.03710 0 0 0 0 0
2.00122 -5.77903 59.47710 0 0 0 0 0
1.23470 -5.17525 60.35780 0 0 0 0 0
0.02679 -5.74659 60.23830 0 0 0 0 0
0.05875 -6.14384 59.09620 0 0 0 0 0
0.05875 -6.14384 59.09620 0 0 0 0 0
0.04741 -6.53196 59.44190 0 0 0 0 0
0.03032 -6.50482 59.91730 0 0 0 0 0
0.04741 -6.53196 59.44190 0 0 0 0 0
0.04741 -6.53196 59.44190 0 0 0 0 0
0.05429 -1.30304 57.42640 0 0 0 0 0

NumIndices: 6150
0
1
2
2
3
0
4
5
1
1
0
4
6
7
8
8
9
6
7
10
11
11
8
7
12
13
14
14
15
12
16
17
18
18
2
16
19
20
17
17
16
19
21
22
23
23
24
21
25
26
27
27
28
25
29
30
31
31
32
29
21
33
34
34
22
21
34
33
35
35
36
34
28
37
38
38
25
28
20
13
37
28
18
17
18
28
27
35
39
27
27
26
35
39
40
18
18
27
39
41
30
0
0
3
41
42
37
13
13
12
42
43
23
22
22
34
43
30
29
7
7
6
30
41
33
21
21
31
41
44
13
20
20
19
44
37
28
17
17
20
37
45
46
47
47
48
45
49
50
51
51
52
49
51
53
54
54
55
51
50
49
56
56
57
50
55
58
52
52
51
55
57
56
59
59
60
57
55
54
61
61
62
55
62
63
58
58
55
62
64
65
46
46
45
64
66
50
57
57
67
66
63
62
48
48
47
63
68
69
70
70
71
68
72
73
74
74
75
72
76
77
78
78
79
76
73
80
81
81
82
73
83
84
85
85
86
83
79
78
87
87
88
79
89
80
88
88
87
89
79
90
91
91
76
79
92
93
81
81
94
92
93
85
84
84
81
93
94
81
80
80
89
94
70
95
96
96
97
70
98
99
100
100
97
98
82
81
84
84
83
82
75
74
99
99
98
75
80
73
101
101
88
80
90
79
88
88
101
90
96
49
52
52
102
96
102
52
58
58
103
102
103
58
63
63
104
103
104
63
47
47
105
104
105
47
46
46
106
105
106
46
65
65
107
106
73
72
108
108
101
73
101
108
109
109
90
101
110
91
90
90
109
110
86
99
74
74
83
86
74
73
82
82
83
74
111
112
113
113
114
111
113
112
115
115
116
113
114
113
116
116
117
114
118
114
117
117
119
118
120
111
114
114
118
120
121
122
123
123
124
121
125
126
127
127
128
125
111
122
128
128
112
111
125
121
129
129
130
125
131
132
133
133
134
131
134
133
135
135
136
134
137
138
139
139
130
137
137
140
124
124
141
137
120
134
136
136
123
120
134
120
118
118
131
134
119
142
131
131
118
119
143
132
131
131
142
143
144
145
146
146
147
144
130
145
126
126
125
130
148
149
150
150
151
148
144
147
152
152
153
144
154
144
153
153
155
154
149
156
157
157
150
149
158
159
160
160
161
158
161
162
163
163
158
161
162
164
165
165
163
162
166
164
162
162
167
166
168
169
161
161
160
168
1
170
171
171
2
1
172
173
5
5
9
172
1
5
173
173
170
1
174
164
166
166
175
174
176
177
8
8
11
176
161
169
167
167
162
161
178
160
159
159
179
178
148
180
181
181
149
148
182
168
160
160
178
182
14
44
183
183
184
14
185
186
16
16
2
185
156
149
181
181
187
156
187
188
189
189
156
187
186
190
19
19
16
186
86
191
192
192
99
86
193
194
195
195
196
193
197
198
199
199
200
197
201
202
203
203
204
201
205
206
207
207
208
205
163
165
209
209
210
163
99
192
211
211
100
99
212
191
86
86
85
212
202
213
214
214
203
202
192
191
215
215
211
192
216
217
202
202
201
216
205
195
194
194
206
205
213
205
208
208
214
213
218
219
71
71
100
218
220
201
204
204
221
220
222
216
201
201
220
222
223
224
225
225
226
223
191
212
227
227
215
191
198
228
229
229
199
198
219
230
68
68
71
219
158
163
210
210
231
158
231
232
159
159
158
231
233
218
100
100
211
233
228
223
226
226
229
228
217
234
213
213
202
217
195
205
213
213
234
195
235
236
237
237
200
235
233
235
200
200
199
233
238
239
240
240
241
238
242
240
239
239
243
242
243
239
244
244
245
243
241
240
246
246
247
241
240
242
248
248
246
240
249
92
94
94
250
249
251
252
253
253
254
251
255
256
257
257
258
255
78
259
256
256
87
78
255
89
87
87
256
255
260
261
262
262
263
260
250
94
89
89
255
250
250
264
265
265
249
250
264
250
255
255
258
264
243
266
261
261
242
243
266
243
245
245
258
266
242
261
260
260
248
242
245
244
251
251
254
245
254
253
265
265
264
254
254
264
258
258
245
254
238
267
268
268
244
238
269
270
271
271
272
269
273
274
275
275
276
273
277
272
271
277
271
278
277
278
279
241
280
281
281
238
241
282
283
284
284
285
282
286
284
283
283
287
286
288
289
290
290
291
288
252
251
292
292
293
252
294
278
271
271
295
294
296
297
298
298
275
296
276
275
298
298
299
276
286
300
301
301
302
286
291
290
285
285
284
291
292
251
244
244
268
292
303
304
270
270
269
303
305
306
296
296
307
305
308
142
119
119
117
308
309
310
306
306
311
309
297
296
306
306
310
297
311
142
308
308
309
311
312
313
314
314
315
312
314
316
288
288
317
314
318
319
320
320
321
318
322
323
324
324
313
322
316
321
289
289
288
316
325
326
194
194
193
325
236
227
327
327
328
236
319
329
330
330
320
319
331
327
227
227
212
331
116
332
308
308
117
116
207
206
333
333
334
207
320
330
335
335
293
320
116
115
336
336
332
116
337
332
336
336
338
337
206
194
326
326
333
206
309
308
332
332
339
309
232
340
179
179
159
232
310
309
339
339
341
310
154
155
336
336
115
154
336
155
342
342
338
336
343
333
326
326
344
343
345
346
347
347
348
345
329
319
327
327
331
329
346
328
318
318
347
346
349
350
351
351
352
349
351
353
354
354
352
351
355
356
357
357
358
355
358
357
359
359
349
358
360
358
349
349
352
360
361
362
363
363
364
361
365
355
358
358
360
365
366
361
364
364
367
366
368
369
361
361
366
368
370
371
367
367
364
370
362
361
369
369
372
362
373
374
350
350
375
373
350
349
359
359
375
350
376
377
378
378
379
376
380
381
382
382
383
380
384
382
385
385
386
384
387
388
369
369
368
387
379
378
388
388
387
379
385
382
381
381
354
385
377
389
390
390
378
377
383
382
384
384
391
383
372
369
388
388
392
372
392
388
378
378
390
392
377
376
393
393
394
377
389
377
394
394
395
389
396
397
398
398
399
396
399
400
401
401
402
399
399
398
403
403
400
399
396
399
402
402
404
396
405
406
407
407
408
405
403
405
408
408
400
403
409
410
397
397
396
409
407
406
411
411
412
407
413
401
400
400
408
413
414
413
408
408
407
414
335
415
412
412
411
335
415
416
414
414
412
415
404
417
409
409
396
404
416
418
419
419
420
416
414
416
420
420
413
414
420
419
402
402
401
420
419
418
404
404
402
419
418
421
417
417
404
418
422
410
409
409
423
422
424
253
252
252
335
424
93
92
425
425
426
93
398
397
426
426
425
398
427
425
92
92
249
427
428
331
212
212
423
428
423
409
417
417
428
423
423
212
85
85
422
423
429
330
329
329
430
429
431
265
253
253
424
431
411
406
431
431
424
411
403
425
427
427
405
403
265
431
427
427
249
265
421
331
428
428
417
421
85
93
426
426
422
85
415
335
330
330
429
415
331
421
430
430
329
331
427
431
406
406
405
427
302
301
432
432
317
302
385
354
353
353
374
385
374
373
386
386
385
374
429
430
421
421
418
429
262
257
256
256
259
262
416
415
429
429
418
416
164
174
433
433
165
164
434
221
204
204
435
434
436
342
155
155
157
436
153
152
151
151
150
153
155
153
150
150
157
155
436
157
156
156
189
436
203
214
210
210
209
203
231
210
214
214
208
231
208
207
232
232
231
208
340
232
207
207
334
340
338
342
340
340
334
338
188
182
178
178
189
188
190
183
44
44
19
190
179
436
189
189
178
179
179
340
342
342
436
179
437
370
364
364
363
437
180
438
184
184
181
180
187
181
184
184
183
187
183
190
188
188
187
183
190
186
182
182
188
190
186
185
168
168
182
186
169
168
185
185
171
169
169
171
170
170
167
169
170
173
166
166
167
170
172
177
439
439
175
172
177
176
440
440
439
177
360
381
380
380
365
360
352
354
381
381
360
352
366
379
387
387
368
366
379
366
367
367
376
379
376
367
371
371
393
376
389
441
299
299
390
389
390
299
298
298
392
390
297
372
392
392
298
297
310
362
372
372
297
310
362
310
341
341
363
362
442
356
437
437
443
442
356
442
444
444
357
356
359
357
444
444
312
359
375
359
312
312
315
375
432
373
375
375
315
432
301
386
373
373
432
301
386
301
300
300
384
386
384
300
445
445
391
384
441
389
395
395
446
441
50
66
53
53
51
50
69
447
95
95
70
69
97
96
102
102
98
97
98
102
103
103
75
98
75
103
104
104
72
75
97
100
71
71
70
97
109
106
107
107
110
109
108
105
106
106
109
108
72
104
105
105
108
72
95
56
49
49
96
95
448
26
449
449
450
448
449
26
25
25
38
449
34
36
451
451
43
34
452
453
439
439
440
452
15
14
184
184
438
15
262
259
454
454
263
262
77
454
259
259
78
77
307
296
275
275
274
307
311
306
305
305
455
311
455
143
142
142
311
455
60
456
67
67
57
60
56
95
447
447
59
56
24
32
31
31
21
24
18
40
2
44
14
13
37
42
38
7
29
10
185
2
171
244
239
238
266
258
257
252
293
335
411
424
335
414
407
412
401
413
420
398
425
403
426
397
410
422
426
410
140
129
121
121
124
140
257
262
261
261
266
257
334
333
337
337
338
334
443
437
363
363
341
443
457
443
341
341
339
457
337
457
339
339
332
337
370
437
356
356
355
370
371
370
355
355
365
371
365
380
393
393
371
365
383
394
393
393
380
383
383
391
395
395
394
383
391
445
446
446
395
391
303
446
445
445
287
303
458
459
282
282
267
458
460
461
459
459
458
460
462
463
464
464
465
462
270
461
295
295
271
270
464
280
241
241
247
464
353
351
350
350
374
353
466
467
468
468
469
466
470
468
61
471
472
54
54
53
471
54
472
470
470
61
54
473
474
467
467
466
473
475
66
67
67
476
475
66
475
477
477
53
66
456
478
476
476
67
456
53
477
471
472
479
480
480
470
472
471
477
481
481
482
471
475
483
481
481
477
475
476
484
483
483
475
476
482
479
472
472
471
482
470
480
485
485
469
470
484
476
478
478
486
484
48
62
61
61
468
48
460
280
464
464
463
460
281
280
460
460
458
281
281
458
267
267
238
281
285
268
267
267
282
285
289
293
292
292
290
289
295
463
462
462
294
295
290
292
268
268
285
290
324
318
321
321
316
324
321
320
293
293
289
321
459
304
283
283
282
459
461
270
304
304
459
461
463
295
461
461
460
463
229
226
219
219
218
229
226
225
230
230
219
226
199
229
218
218
233
199
215
227
236
236
235
215
211
215
235
235
233
211
328
346
237
237
236
328
319
318
328
328
327
319
279
273
276
276
277
279
464
247
465
468
467
45
45
48
468
45
467
487
487
64
45
488
474
473
473
489
488
474
488
487
487
467
474
30
41
31
165
433
490
490
209
165
491
492
453
453
452
491
493
492
491
491
494
493
177
172
9
9
8
177
453
174
175
175
439
453
173
172
175
175
166
173
492
433
174
174
453
492
493
490
433
433
492
493
495
435
204
204
203
495
435
495
490
490
493
435
434
435
493
493
494
434
495
203
209
209
490
495
4
6
9
9
5
4
30
6
4
4
0
30
36
35
26
26
448
36
39
35
33
33
41
39
3
40
39
39
41
3
450
451
36
36
448
450
40
3
2
138
137
141
141
496
138
140
137
130
130
129
140
497
197
200
200
237
497
198
197
196
196
498
198
224
223
499
499
500
224
228
198
498
498
501
228
223
228
501
501
499
223
346
345
497
497
237
346
325
345
348
348
502
325
502
348
322
322
503
502
441
269
272
272
299
441
300
286
287
287
445
300
284
286
302
302
291
284
446
303
269
269
441
446
316
314
313
313
324
316
317
432
315
315
314
317
291
302
317
317
288
291
304
303
287
287
283
304
277
276
299
299
272
277
497
193
196
196
197
497
345
325
193
193
497
345
498
196
195
195
234
498
500
499
216
216
222
500
501
498
234
234
217
501
499
501
217
217
216
499
326
325
502
502
344
326
344
502
503
503
504
344
444
504
503
503
312
444
323
322
348
348
347
323
503
322
313
313
312
503
318
324
323
323
347
318
496
141
505
505
506
496
505
141
124
124
507
505
506
505
507
507
508
506
457
509
442
442
443
457
337
343
509
509
457
337
343
337
333
444
442
509
509
504
444
343
344
504
504
509
343
510
511
512
512
513
510
514
510
513
513
515
514
516
517
518
518
519
516
519
518
11
11
10
519
12
15
520
520
521
12
522
512
523
523
524
522
525
522
524
524
526
525
527
24
23
23
528
527
529
530
531
531
532
529
29
32
533
533
534
29
527
528
535
535
536
527
535
537
538
538
536
535
530
529
38
38
539
530
526
539
521
530
524
523
523
531
530
538
532
531
531
540
538
540
531
523
523
541
540
542
511
510
510
534
542
42
12
521
521
539
42
43
535
528
528
23
43
534
516
519
519
29
534
542
533
527
527
536
542
543
525
526
526
521
543
539
526
524
524
530
539
544
545
546
546
547
544
548
549
550
550
551
548
550
552
553
553
554
550
551
555
556
556
548
551
552
550
549
549
557
552
555
60
59
59
556
555
552
558
559
559
553
552
558
552
557
557
560
558
561
544
547
547
562
561
563
564
555
555
551
563
560
546
545
545
558
560
68
565
566
566
69
68
567
568
569
569
570
567
571
572
573
573
574
571
570
575
576
576
577
570
578
579
580
580
581
578
572
582
583
583
573
572
584
583
582
582
577
584
572
571
585
585
586
572
587
588
576
576
589
587
589
576
581
581
580
589
588
584
577
577
576
588
566
590
591
591
592
566
593
590
594
594
595
593
575
578
581
581
576
575
568
593
595
595
569
568
577
582
596
596
570
577
586
596
582
582
572
586
591
597
549
549
548
591
597
598
557
557
549
597
598
599
560
560
557
598
599
600
546
546
560
599
600
601
547
547
546
600
601
602
562
562
547
601
570
596
603
603
567
570
596
586
604
604
603
596
605
604
586
586
585
605
579
578
569
569
595
579
569
578
575
575
570
569
606
607
608
608
609
606
608
610
611
611
609
608
607
612
610
610
608
607
613
614
612
612
607
613
615
613
607
607
606
615
616
617
618
618
619
616
620
621
622
622
623
620
621
619
606
606
609
621
620
624
625
625
616
620
626
627
133
133
132
626
627
628
135
135
133
627
629
624
139
139
138
629
629
630
617
617
631
629
615
618
628
628
627
615
627
626
613
613
615
627
614
613
626
626
632
614
143
632
626
626
132
143
146
633
634
634
147
146
624
620
623
623
633
624
148
151
635
635
636
148
634
637
152
152
147
634
638
639
637
637
634
638
640
641
636
636
635
640
642
643
644
644
645
642
643
642
646
646
647
643
647
646
648
648
649
647
650
651
647
647
649
650
652
644
643
643
653
652
654
655
513
513
512
654
515
656
657
657
517
515
656
515
513
513
655
656
658
659
650
650
649
658
518
660
176
176
11
518
651
653
643
643
647
651
645
644
661
661
662
645
148
636
663
663
180
148
644
652
664
664
661
644
520
665
666
666
543
520
667
512
522
522
668
667
641
669
663
663
636
641
669
641
670
670
671
669
668
522
525
525
672
668
579
595
673
673
674
579
675
676
677
677
678
675
679
680
681
681
682
679
683
684
685
685
686
683
687
688
689
689
690
687
646
691
692
692
648
646
595
594
693
693
673
595
694
580
579
579
674
694
686
685
695
695
696
686
673
693
697
697
674
673
698
683
686
686
699
698
687
690
678
678
677
687
696
695
688
688
687
696
700
594
565
565
701
700
220
221
684
684
683
220
222
220
683
683
698
222
702
703
225
225
224
702
674
697
704
704
694
674
682
681
705
705
706
682
701
565
68
68
230
701
642
707
691
691
646
642
707
642
645
645
708
707
709
693
594
594
700
709
706
705
703
703
702
706
699
686
696
696
710
699
677
710
696
696
687
677
711
680
712
712
713
711
709
681
680
680
711
709
714
715
716
716
717
714
718
719
717
717
716
718
719
720
721
721
717
719
715
722
723
723
716
715
716
723
724
724
718
716
725
726
588
588
587
725
727
728
729
729
730
727
731
732
733
733
734
731
573
583
734
734
735
573
731
734
583
583
584
731
736
737
738
738
739
736
726
731
584
584
588
726
726
725
740
740
741
726
741
732
731
731
726
741
719
718
739
739
742
719
742
732
720
720
719
742
718
724
736
736
739
718
720
728
727
727
721
720
728
741
740
740
729
728
728
720
732
732
741
728
714
721
743
743
744
714
745
746
747
747
748
745
273
749
750
750
274
273
751
279
278
751
278
747
751
747
746
715
714
752
752
753
715
754
755
756
756
757
754
758
759
757
757
756
758
760
761
762
762
763
760
730
764
765
765
727
730
294
766
747
747
278
294
767
750
768
768
769
767
749
770
768
768
750
749
758
771
772
772
773
758
761
756
755
755
762
761
765
743
721
721
727
765
774
745
748
748
775
774
305
307
767
767
776
305
777
612
614
614
632
777
778
779
776
776
780
778
769
780
776
776
767
769
779
778
777
777
632
779
781
782
783
783
784
781
783
785
760
760
786
783
787
788
789
789
790
787
791
784
792
792
793
791
786
760
763
763
788
786
794
675
678
678
795
794
713
796
797
797
704
713
790
789
798
798
799
790
800
694
704
704
797
800
777
801
610
610
612
777
689
802
803
803
690
689
789
764
804
804
798
789
610
801
805
805
611
610
806
807
805
805
801
806
690
803
795
795
678
690
778
808
801
801
777
778
708
645
662
662
809
708
780
810
808
808
778
780
638
611
805
805
639
638
805
807
811
811
639
805
812
813
795
795
803
812
814
815
816
816
817
814
799
800
797
797
790
799
817
816
787
787
796
817
818
819
820
820
821
818
820
819
822
822
823
820
824
825
826
826
827
824
825
818
828
828
826
825
829
819
818
818
825
829
830
831
832
832
833
830
834
829
825
825
824
834
835
836
831
831
830
835
837
835
830
830
838
837
839
831
836
836
840
839
833
841
838
838
830
833
842
843
821
821
844
842
821
843
828
828
818
821
845
846
847
847
848
845
849
850
851
851
852
849
853
854
855
855
851
853
856
837
838
838
857
856
846
856
857
857
847
846
855
822
852
852
851
855
848
847
858
858
859
848
850
860
853
853
851
850
841
861
857
857
838
841
861
858
847
847
857
861
848
862
863
863
845
848
859
864
862
862
848
859
865
866
867
867
868
865
866
869
870
870
871
866
866
871
872
872
867
866
865
873
869
869
866
865
874
875
876
876
877
874
872
871
875
875
874
872
878
865
868
868
879
878
876
880
881
881
877
876
882
875
871
871
870
882
883
876
875
875
882
883
804
881
880
880
884
804
884
880
883
883
885
884
873
865
878
878
886
873
885
887
888
888
889
885
883
882
887
887
885
883
887
870
869
869
888
887
888
869
873
873
889
888
889
873
886
886
890
889
891
892
878
878
879
891
893
804
730
730
729
893
589
894
895
895
587
589
867
895
894
894
868
867
896
725
587
587
895
896
897
892
694
694
800
897
892
897
886
886
878
892
892
891
580
580
694
892
898
899
799
799
798
898
900
893
729
729
740
900
881
893
900
900
877
881
872
874
896
896
895
872
740
725
896
896
900
740
890
886
897
897
800
890
580
891
894
894
589
580
884
898
798
798
804
884
800
799
899
899
890
800
896
874
877
877
900
896
771
785
901
901
772
771
855
844
823
823
822
855
844
855
854
854
842
844
898
889
890
890
899
898
738
735
734
734
733
738
885
889
898
898
884
885
649
648
902
902
658
649
434
903
684
684
221
434
904
640
639
639
811
904
637
635
151
151
152
637
639
640
635
635
637
639
641
640
904
904
670
641
685
692
691
691
695
685
707
688
695
695
691
707
688
707
708
708
689
688
809
802
689
689
708
809
807
802
809
809
811
807
661
664
671
671
670
661
672
525
543
543
666
672
670
904
662
662
661
670
662
904
811
811
809
662
905
832
831
831
839
905
180
663
665
665
438
180
669
666
665
665
663
669
671
672
666
666
669
671
664
668
672
672
671
664
652
667
668
668
664
652
653
654
667
667
652
653
653
651
655
655
654
653
655
651
650
650
656
655
657
659
906
906
660
657
660
906
440
440
176
660
829
834
849
849
852
829
819
829
852
852
822
819
835
837
856
856
846
835
846
845
836
836
835
846
845
863
840
840
836
845
859
858
770
770
907
859
858
861
768
768
770
858
769
768
861
861
841
769
780
769
841
841
833
780
833
832
810
810
780
833
908
909
905
905
827
908
827
826
910
910
908
827
828
781
910
910
826
828
843
782
781
781
828
843
901
782
843
843
842
901
772
901
842
842
854
772
854
853
773
773
772
854
853
860
911
911
773
853
907
912
864
864
859
907
551
550
554
554
563
551
69
566
592
592
447
69
590
593
597
597
591
590
593
568
598
598
597
593
568
567
599
599
598
568
590
566
565
565
594
590
604
605
602
602
601
604
603
604
601
601
600
603
567
603
600
600
599
567
592
591
548
548
556
592
913
450
449
449
532
913
449
38
529
529
532
449
535
43
451
451
537
535
452
440
906
906
914
452
15
438
665
665
520
15
738
737
915
915
735
738
574
573
735
735
915
574
307
274
750
750
767
307
779
455
305
305
776
779
455
779
632
632
143
455
60
555
564
564
456
60
556
59
447
447
592
556
24
527
533
533
32
24
523
512
541
543
521
520
539
38
42
519
10
29
667
654
512
721
714
717
742
733
732
730
804
764
881
804
893
883
880
876
870
887
882
867
872
895
894
879
868
891
879
894
631
617
616
616
625
631
733
742
739
739
738
733
802
807
806
806
803
802
909
810
832
832
905
909
916
808
810
810
909
916
806
801
808
808
916
806
839
824
827
827
905
839
840
834
824
824
839
840
834
840
863
863
849
834
850
849
863
863
862
850
850
862
864
864
860
850
860
864
912
912
911
860
774
759
911
911
912
774
917
744
754
754
918
917
919
917
918
918
920
919
462
465
921
921
922
462
748
747
766
766
920
748
921
722
715
715
753
921
823
844
821
821
820
823
923
924
925
925
926
923
927
925
924
928
554
553
553
929
928
553
559
927
927
929
553
930
923
926
926
931
930
932
933
564
564
563
932
563
554
934
934
932
563
456
564
933
933
478
456
554
928
934
929
927
935
935
936
929
928
937
938
938
934
928
932
934
938
938
939
932
933
932
939
939
940
933
937
928
929
929
936
937
927
924
941
941
935
927
940
486
478
478
933
940
545
925
559
559
558
545
919
922
921
921
753
919
752
917
919
919
753
752
752
714
744
744
917
752
755
754
744
744
743
755
763
762
765
765
764
763
766
294
462
462
922
766
762
755
743
743
765
762
792
786
788
788
787
792
788
763
764
764
789
788
918
754
757
757
775
918
920
918
775
775
748
920
922
919
920
920
766
922
705
700
701
701
703
705
703
701
230
230
225
703
681
709
700
700
705
681
697
711
713
713
704
697
693
709
711
711
697
693
796
713
712
712
817
796
790
797
796
796
787
790
279
751
749
749
273
279
921
465
722
925
545
544
544
926
925
544
561
942
942
926
544
943
944
930
930
931
943
931
926
942
942
943
931
534
533
542
648
692
945
945
902
648
491
452
914
914
946
491
947
494
491
491
946
947
660
518
517
517
657
660
914
906
659
659
658
914
656
650
659
659
657
656
946
914
658
658
902
946
947
946
902
902
945
947
948
685
684
684
903
948
903
947
945
945
948
903
434
494
947
947
903
434
948
945
692
692
685
948
514
515
517
517
516
514
534
510
514
514
516
534
537
913
532
532
538
537
540
542
536
536
538
540
511
542
540
540
541
511
450
913
537
537
451
450
541
512
511
138
496
630
630
629
138
631
625
624
624
629
631
949
712
680
680
679
949
682
950
676
676
679
682
224
500
951
951
702
224
706
952
950
950
682
706
702
951
952
952
706
702
817
712
949
949
814
817
794
953
815
815
814
794
953
954
791
791
815
953
907
770
746
746
745
907
773
911
759
759
758
773
756
761
771
771
758
756
912
907
745
745
774
912
786
792
784
784
783
786
785
783
782
782
901
785
761
760
785
785
771
761
775
757
759
759
774
775
751
746
770
770
749
751
949
679
676
676
675
949
814
949
675
675
794
814
950
710
677
677
676
950
500
222
698
698
951
500
952
699
710
710
950
952
951
698
699
699
952
951
795
813
953
953
794
795
813
955
954
954
953
813
910
781
954
954
955
910
793
816
815
815
791
793
954
781
784
784
791
954
787
816
793
793
792
787
496
506
956
956
630
496
956
957
617
617
630
956
506
508
957
957
956
506
916
909
908
908
958
916
806
916
958
958
812
806
812
803
806
910
955
958
958
908
910
812
958
955
955
813
812
122
111
120
120
123
122
121
125
128
128
122
121
135
508
507
507
136
135
507
124
123
123
136
507
615
606
619
619
618
615
621
620
616
616
619
621
957
508
135
135
628
957
618
617
957
957
628
618
145
130
139
139
146
145
145
144
154
154
126
145
139
624
633
633
146
139
638
634
633
633
623
638
154
115
127
127
126
154
621
609
611
611
622
621
115
112
128
128
127
115
638
623
622
622
611
638
470
469
468
927
559
925
959
960
961
961
962
959
963
964
965
965
966
963
967
968
969
969
970
967
971
972
973
973
974
971
969
975
976
976
970
969
977
978
979
979
980
977
967
981
982
982
968
967
969
959
962
962
975
969
977
968
982
982
978
977
968
977
959
959
969
968
977
980
960
960
959
977
983
984
985
985
986
983
987
988
989
989
990
987
967
970
991
991
992
967
971
974
993
993
994
971
991
970
976
976
995
991
996
997
998
998
999
996
967
992
1000
1000
981
967
991
995
984
984
983
991
996
999
1000
1000
992
996
992
991
983
983
996
992
996
983
986
986
997
996
1001
1002
973
973
972
1001
993
1003
1004
1004
994
993
1003
990
989
989
1004
1003
1005
1006
1007
1007
1008
1005
1009
1010
1011
1011
1012
1009
1013
1014
1015
1015
1016
1013
1017
1018
1019
1019
1020
1017
1021
1018
1017
1017
1022
1021
1023
1024
1025
1025
1026
1023
1027
1020
1019
1019
1028
1027
1021
1005
1008
1008
1018
1021
1023
1028
1019
1019
1024
1023
1014
1029
1030
1030
1015
1014
1029
1009
1012
1012
1030
1029
1031
1032
1033
1033
1034
1031
1035
1036
1037
1037
1038
1035
1013
1016
1039
1039
1040
1013
1017
1020
1041
1041
1042
1017
1043
1022
1017
1017
1042
1043
1044
1045
1046
1046
1047
1044
1027
1048
1041
1041
1020
1027
1043
1042
1032
1032
1031
1043
1044
1047
1041
1041
1048
1044
1040
1039
1049
1049
1050
1040
1050
1049
1036
1036
1035
1050
1008
1024
1019
1019
1018
1008
1041
1047
1032
1032
1042
1041
1007
1025
1024
1024
1008
1007
1047
1046
1033
1033
1032
1047
1001
965
964
964
1002
1001
1051
1052
1053
1053
1054
1051
1055
1056
1057
1057
1058
1055
1059
1060
1061
1061
1062
1059
1060
1063
1064
1064
1061
1060
1065
1062
1061
1061
1066
1065
1061
1064
1067
1067
1066
1061
1065
1066
1056
1056
1055
1065
1066
1067
1068
1068
1056
1066
1056
1068
1069
1069
1057
1056
1058
1057
1070
1070
1071
1058
1057
1069
1072
1072
1070
1057
1073
1074
1052
1052
1051
1073
1075
1076
1052
1052
1074
1075
1053
1052
1076
1076
1077
1053
1078
1054
1053
1053
1079
1078
1077
1080
1079
1079
1053
1077
1081
1082
1060
1060
1059
1081
1083
1063
1060
1060
1082
1083
1078
1079
1082
1082
1081
1078
1082
1079
1080
1080
1083
1082
1083
1084
1085
1085
1063
1083
1083
1080
1086
1086
1084
1083
1076
1087
1088
1088
1077
1076
1077
1089
1086
1086
1080
1077
1075
1090
1087
1087
1076
1075
1091
1092
1072
1072
1069
1091
1068
1093
1091
1091
1069
1068
1068
1067
1094
1094
1095
1068
1064
1096
1094
1094
1067
1064
1085
1096
1064
1064
1063
1085
1085
1097
1096
1092
1091
1098
1090
1099
1087
1086
1089
1100
1100
1101
1086
1087
1099
1102
1102
1088
1087
1091
1093
1103
1103
1098
1091
1094
1101
1100
1100
1095
1094
1097
1085
1084
1084
1086
1101
1101
1097
1084
1096
1097
1101
1101
1094
1096
1054
1078
1081
1081
1051
1054
1059
1062
1058
1058
1104
1059
1059
1104
1051
1051
1081
1059
1062
1065
1055
1055
1058
1062
