NumVertices: 1105
2.23156 -9.37232 64.83080 0 0 0 0 0
2.20656 -9.55441 65.17380 0 0 0 0 0
2.63932 -9.03143 65.06020 0 0 0 0 0
2.68977 -8.80128 64.83140 0 0 0 0 0
1.63918 -9.77017 64.89150 0 0 0 0 0
1.75672 -10.07750 65.19770 0 0 0 0 0
1.10825 -9.98806 64.91670 0 0 0 0 0
0.61939 -10.12890 64.92690 0 0 0 0 0
0.64340 -10.29310 65.20880 0 0 0 0 0
1.26262 -10.21080 65.23090 0 0 0 0 0
0.00026 -10.23920 64.89950 0 0 0 0 0
0.00026 -10.46740 65.19920 0 0 0 0 0
0.00026 -10.51340 65.29540 0 0 0 0 0
0.84382 -10.29100 65.45150 0 0 0 0 0
0.66263 -10.42890 65.07440 0 0 0 0 0
0.00026 -10.51950 64.98880 0 0 0 0 0
2.24304 -9.70548 64.98270 0 0 0 0 0
2.02773 -9.74786 65.39890 0 0 0 0 0
2.56465 -8.97559 65.34430 0 0 0 0 0
1.76006 -10.05540 65.03890 0 0 0 0 0
1.41374 -10.08660 65.42000 0 0 0 0 0
2.18017 -5.25899 63.50100 0 0 0 0 0
3.26418 -0.74201 63.39860 0 0 0 0 0
0.00040 -0.02660 63.49600 0 0 0 0 0
0.00041 -4.70393 63.30550 0 0 0 0 0
2.26698 -8.58501 67.38470 0 0 0 0 0
3.99932 -5.40790 67.82750 0 0 0 0 0
3.28123 -8.17994 66.45050 0 0 0 0 0
1.99766 -9.44540 66.34400 0 0 0 0 0
0.00026 -9.69907 63.84800 0 0 0 0 0
1.54902 -9.28306 64.06330 0 0 0 0 0
1.42657 -8.07536 63.76010 0 0 0 0 0
0.00026 -7.91024 63.65140 0 0 0 0 0
3.46644 -6.13224 63.67110 0 0 0 0 0
5.23752 -0.69523 64.22050 0 0 0 0 0
4.77311 -5.75574 65.54760 0 0 0 0 0
5.43989 -0.98532 66.46240 0 0 0 0 0
0.70154 -10.11020 66.20100 0 0 0 0 0
0.00026 -9.58846 66.88580 0 0 0 0 0
3.32580 -8.14724 65.22110 0 0 0 0 0
2.82217 -8.69098 65.16440 0 0 0 0 0
3.00626 -7.54664 64.15730 0 0 0 0 0
0.00026 -10.26120 66.06470 0 0 0 0 0
0.00040 0.89316 64.84110 0 0 0 0 0
1.27703 -10.24800 65.05910 0 0 0 0 0
1.13263 3.69678 60.23380 0 0 0 0 0
1.16132 3.77235 61.03780 0 0 0 0 0
2.36718 3.14691 60.94450 0 0 0 0 0
2.49018 2.99709 60.07680 0 0 0 0 0
2.18681 -1.25959 59.07670 0 0 0 0 0
1.95311 -1.28374 58.61180 0 0 0 0 0
2.82912 -0.28413 59.07130 0 0 0 0 0
3.07280 -0.24516 59.66860 0 0 0 0 0
2.88758 -0.37576 58.57350 0 0 0 0 0
3.50661 0.78236 58.98370 0 0 0 0 0
3.35273 0.86654 59.51630 0 0 0 0 0
1.18957 -2.04911 58.69680 0 0 0 0 0
0.97528 -1.86663 58.32470 0 0 0 0 0
3.45252 1.10699 60.26360 0 0 0 0 0
-0.00582 -2.50621 58.66590 0 0 0 0 0
-0.00082 -2.16485 58.32860 0 0 0 0 0
3.53416 1.99520 59.22850 0 0 0 0 0
3.22382 2.01496 59.86580 0 0 0 0 0
3.19183 2.24485 60.70420 0 0 0 0 0
-0.00015 3.94008 60.25700 0 0 0 0 0
0.00000 4.02014 61.05570 0 0 0 0 0
1.81548 -1.29432 58.32130 0 0 0 0 0
0.84417 -1.82696 58.06920 0 0 0 0 0
0.00000 -4.70613 59.48890 0 0 0 0 0
-0.00737 -3.99894 59.43820 0 0 0 0 0
1.95677 -3.41706 59.76340 0 0 0 0 0
2.28605 -4.10651 59.80530 0 0 0 0 0
4.91615 4.09729 63.51890 0 0 0 0 0
6.77549 6.08363 66.16920 0 0 0 0 0
6.22432 2.54795 64.72080 0 0 0 0 0
5.36949 1.70212 63.05650 0 0 0 0 0
0.00026 13.25490 71.01770 0 0 0 0 0
0.00026 14.38230 77.21540 0 0 0 0 0
3.59258 13.86120 77.10200 0 0 0 0 0
2.96350 12.49930 70.99820 0 0 0 0 0
8.09278 8.91615 70.47690 0 0 0 0 0
8.71620 5.78656 69.67980 0 0 0 0 0
8.20828 5.08954 67.64910 0 0 0 0 0
7.75105 3.21033 67.18930 0 0 0 0 0
8.57509 3.49286 68.15460 0 0 0 0 0
8.45847 0.82843 68.03740 0 0 0 0 0
7.53086 0.50316 66.50420 0 0 0 0 0
6.66543 12.07530 76.59430 0 0 0 0 0
5.81362 10.92010 70.89240 0 0 0 0 0
9.21416 9.74727 75.06520 0 0 0 0 0
2.38411 9.20002 66.47190 0 0 0 0 0
0.00026 10.05810 66.49960 0 0 0 0 0
10.37990 3.53428 74.71680 0 0 0 0 0
9.14110 3.50860 70.28960 0 0 0 0 0
10.04630 6.73352 74.58350 0 0 0 0 0
1.61881 -2.72369 59.50150 0 0 0 0 0
2.75632 -1.52650 60.12050 0 0 0 0 0
3.54303 -1.78605 61.31800 0 0 0 0 0
4.74435 -0.10820 62.31560 0 0 0 0 0
6.00918 0.17820 63.52150 0 0 0 0 0
6.20834 -0.65180 62.73960 0 0 0 0 0
4.73432 7.69897 66.25830 0 0 0 0 0
3.65947 -0.25383 60.90380 0 0 0 0 0
4.03525 1.51199 61.60220 0 0 0 0 0
3.63540 2.83126 61.85360 0 0 0 0 0
2.64575 3.68631 62.07610 0 0 0 0 0
1.26395 4.24275 62.10240 0 0 0 0 0
0.00018 4.47194 62.08700 0 0 0 0 0
3.86128 5.26931 63.82320 0 0 0 0 0
1.90473 6.40880 63.98070 0 0 0 0 0
0.00020 6.82409 64.05380 0 0 0 0 0
1.91829 -11.65280 69.34290 0 0 0 0 0
2.30182 -10.96450 69.12910 0 0 0 0 0
2.28768 -10.81730 69.66160 0 0 0 0 0
1.80370 -11.61760 70.11780 0 0 0 0 0
2.34343 -10.38160 68.75640 0 0 0 0 0
2.42229 -10.62530 69.86360 0 0 0 0 0
1.68091 -11.22890 70.40520 0 0 0 0 0
1.25322 -12.37020 70.24830 0 0 0 0 0
1.10643 -12.13310 70.70400 0 0 0 0 0
1.31935 -12.58540 69.56390 0 0 0 0 0
1.58291 -11.71010 68.63610 0 0 0 0 0
1.82305 -11.69220 68.94080 0 0 0 0 0
1.26838 -12.56180 69.11420 0 0 0 0 0
1.08316 -12.19330 68.76390 0 0 0 0 0
1.72177 -10.77080 68.44290 0 0 0 0 0
1.77279 -10.55710 68.31740 0 0 0 0 0
2.12850 -10.62120 68.61500 0 0 0 0 0
2.12280 -11.00130 68.71790 0 0 0 0 0
1.28065 -10.93230 68.63200 0 0 0 0 0
0.33722 -11.11580 68.02390 0 0 0 0 0
0.80466 -12.82170 70.44250 0 0 0 0 0
0.00026 -13.03090 70.53780 0 0 0 0 0
0.00026 -13.34250 69.75650 0 0 0 0 0
0.82759 -13.10130 69.66710 0 0 0 0 0
0.00026 -13.38710 69.21000 0 0 0 0 0
0.82281 -13.13840 69.18460 0 0 0 0 0
0.44192 -11.77030 68.16780 0 0 0 0 0
0.00026 -11.89120 68.08140 0 0 0 0 0
0.00026 -11.19460 67.94230 0 0 0 0 0
0.94737 -11.39600 68.92990 0 0 0 0 0
0.52267 -12.25440 68.27550 0 0 0 0 0
0.79481 -12.31170 71.20200 0 0 0 0 0
0.00000 -12.55090 71.29770 0 0 0 0 0
0.34021 -10.89520 67.76090 0 0 0 0 0
0.33838 -10.95160 67.91520 0 0 0 0 0
-0.00022 -11.03340 67.85110 0 0 0 0 0
0.00026 -10.97700 67.66650 0 0 0 0 0
0.00026 -11.52620 66.21380 0 0 0 0 0
0.74992 -11.45930 66.34860 0 0 0 0 0
0.69333 -11.14130 66.71700 0 0 0 0 0
0.00026 -11.01830 66.56590 0 0 0 0 0
0.00026 -10.98410 67.33380 0 0 0 0 0
0.50684 -10.95820 67.42270 0 0 0 0 0
1.78010 -10.41070 68.10310 0 0 0 0 0
1.87280 -10.37680 67.70600 0 0 0 0 0
1.53378 -11.04140 66.07690 0 0 0 0 0
1.71250 -10.77520 66.62850 0 0 0 0 0
3.42805 -9.15535 64.74400 0 0 0 0 0
3.60580 -9.38844 65.38210 0 0 0 0 0
3.07128 -9.40559 65.13700 0 0 0 0 0
2.97101 -9.28758 64.87780 0 0 0 0 0
2.66639 -9.70514 64.61810 0 0 0 0 0
2.87959 -9.50589 64.11220 0 0 0 0 0
1.91444 -10.35350 64.15030 0 0 0 0 0
2.06880 -9.95066 63.64710 0 0 0 0 0
1.89807 -10.36740 64.39760 0 0 0 0 0
2.59955 -9.78929 64.75110 0 0 0 0 0
2.86891 -9.39732 65.07540 0 0 0 0 0
2.83310 -9.29771 64.93450 0 0 0 0 0
2.46543 -9.84550 64.98460 0 0 0 0 0
2.71467 -9.26978 64.99250 0 0 0 0 0
1.37118 -10.60390 64.72980 0 0 0 0 0
1.85023 -10.30390 64.82030 0 0 0 0 0
1.43735 -10.55060 63.99160 0 0 0 0 0
1.41367 -10.63450 64.23490 0 0 0 0 0
0.00026 -10.83250 64.63180 0 0 0 0 0
0.73174 -10.79000 64.65800 0 0 0 0 0
2.82036 -9.95752 65.46670 0 0 0 0 0
3.28270 -9.88930 65.96160 0 0 0 0 0
0.00026 -11.56790 65.86980 0 0 0 0 0
0.73840 -11.52240 65.90650 0 0 0 0 0
2.73528 -9.98717 65.27460 0 0 0 0 0
1.39892 -10.80160 65.22280 0 0 0 0 0
0.71266 -11.02910 65.26040 0 0 0 0 0
2.71805 -9.30420 65.05070 0 0 0 0 0
2.46442 -10.06090 65.00820 0 0 0 0 0
1.49713 -11.03630 65.71310 0 0 0 0 0
2.13468 -10.63970 65.52150 0 0 0 0 0
2.19352 -10.66150 65.82580 0 0 0 0 0
1.99231 -10.50860 65.13150 0 0 0 0 0
8.48832 -0.15349 66.20510 0 0 0 0 0
7.82075 0.05369 64.74890 0 0 0 0 0
7.43217 -5.90531 66.53040 0 0 0 0 0
6.68042 -7.17547 66.34030 0 0 0 0 0
6.00182 -6.72623 64.37010 0 0 0 0 0
6.71391 -5.38535 64.55920 0 0 0 0 0
7.31292 -4.25635 64.75800 0 0 0 0 0
6.63531 -4.00861 63.03470 0 0 0 0 0
7.24841 -2.97941 63.43370 0 0 0 0 0
7.90725 -3.16417 65.03100 0 0 0 0 0
2.30362 -8.52619 59.84230 0 0 0 0 0
3.58034 -8.06252 60.97400 0 0 0 0 0
2.80439 -8.85164 61.47270 0 0 0 0 0
1.67464 -9.54798 60.73340 0 0 0 0 0
5.27700 -7.82295 64.44570 0 0 0 0 0
5.82757 -8.33651 66.18210 0 0 0 0 0
4.90363 -9.09215 66.11920 0 0 0 0 0
4.63002 -8.65189 64.56870 0 0 0 0 0
2.36276 -9.41730 63.08940 0 0 0 0 0
3.32179 -9.16236 63.51320 0 0 0 0 0
8.12087 -0.77778 64.40560 0 0 0 0 0
8.90818 -0.44389 67.66200 0 0 0 0 0
4.59555 -7.75631 62.81010 0 0 0 0 0
3.92676 -8.63833 63.18960 0 0 0 0 0
8.73276 -1.05419 65.75600 0 0 0 0 0
2.71716 -7.23634 59.56480 0 0 0 0 0
4.10370 -6.93086 60.86220 0 0 0 0 0
6.28250 -1.92143 62.11330 0 0 0 0 0
2.65722 -4.52843 59.79860 0 0 0 0 0
0.00018 -8.74911 59.68430 0 0 0 0 0
0.00026 -9.75207 60.66290 0 0 0 0 0
-0.00393 -7.38774 59.36430 0 0 0 0 0
2.95855 -5.44173 59.69560 0 0 0 0 0
0.00016 -5.79794 59.45560 0 0 0 0 0
0.00000 -5.33146 59.46180 0 0 0 0 0
2.86455 -4.91697 59.75280 0 0 0 0 0
9.14069 -1.32034 67.54730 0 0 0 0 0
5.27711 -4.37305 61.24130 0 0 0 0 0
5.74993 -3.20209 61.61410 0 0 0 0 0
0.00000 -5.03556 59.48330 0 0 0 0 0
4.00389 -9.00275 64.70690 0 0 0 0 0
4.24749 -9.24870 65.78410 0 0 0 0 0
7.83682 -1.83542 63.92380 0 0 0 0 0
5.27364 -6.67670 62.74190 0 0 0 0 0
8.47031 -2.02899 65.38400 0 0 0 0 0
8.84636 -2.36588 67.28850 0 0 0 0 0
8.41143 -3.60977 66.98360 0 0 0 0 0
7.27851 -6.47465 85.54150 0 0 0 0 0
7.73457 -3.84828 86.51730 0 0 0 0 0
4.07434 -4.84084 88.74210 0 0 0 0 0
3.99240 -7.92607 87.59170 0 0 0 0 0
4.16080 0.56000 89.92420 0 0 0 0 0
8.18492 0.65595 87.52750 0 0 0 0 0
9.82915 -2.57482 84.03270 0 0 0 0 0
10.38550 0.56733 83.70360 0 0 0 0 0
0.00026 -5.36561 89.16090 0 0 0 0 0
0.00026 -8.37050 88.00410 0 0 0 0 0
0.00026 0.38725 90.31220 0 0 0 0 0
10.67380 2.18602 76.19820 0 0 0 0 0
10.49990 5.91216 77.59480 0 0 0 0 0
10.39430 -1.41655 79.98130 0 0 0 0 0
10.23960 -1.22423 75.78840 0 0 0 0 0
10.47910 -0.16501 76.30810 0 0 0 0 0
10.68820 0.51152 80.23170 0 0 0 0 0
9.87472 8.95621 80.38290 0 0 0 0 0
7.38169 11.24560 82.95310 0 0 0 0 0
8.09596 7.71486 86.49330 0 0 0 0 0
10.78580 4.96185 83.08140 0 0 0 0 0
4.01833 12.98490 84.25530 0 0 0 0 0
0.00026 5.61986 90.37010 0 0 0 0 0
4.30110 5.35116 89.91420 0 0 0 0 0
4.38967 9.20276 87.91750 0 0 0 0 0
0.00026 9.68088 88.41680 0 0 0 0 0
10.85850 3.47813 79.67550 0 0 0 0 0
10.68360 1.02222 76.54750 0 0 0 0 0
8.33608 4.80398 87.54100 0 0 0 0 0
6.88060 -8.47751 83.70970 0 0 0 0 0
8.91147 -5.36000 82.43240 0 0 0 0 0
3.22357 -12.07560 78.04390 0 0 0 0 0
3.35788 -11.92130 80.24110 0 0 0 0 0
1.64003 -12.12660 80.17220 0 0 0 0 0
1.75347 -12.25200 77.77950 0 0 0 0 0
0.00026 -11.95360 75.72680 0 0 0 0 0
0.00026 -11.53380 74.64600 0 0 0 0 0
0.63968 -11.38240 74.58200 0 0 0 0 0
0.87058 -11.99140 75.78600 0 0 0 0 0
0.84299 -12.16780 77.40660 0 0 0 0 0
0.00026 -12.25860 80.13550 0 0 0 0 0
0.00026 -12.19570 77.44150 0 0 0 0 0
3.79247 -9.20664 86.21020 0 0 0 0 0
5.29044 -8.66956 85.69940 0 0 0 0 0
6.55191 -9.63154 81.58200 0 0 0 0 0
6.30745 -10.62440 79.73960 0 0 0 0 0
7.93631 -8.25952 79.19300 0 0 0 0 0
8.40020 -7.00737 80.50570 0 0 0 0 0
7.48743 -9.62278 77.55370 0 0 0 0 0
6.09374 -11.01750 77.88240 0 0 0 0 0
8.99174 -5.67555 75.69200 0 0 0 0 0
9.53826 -3.78934 75.77840 0 0 0 0 0
9.25805 -4.72272 78.39960 0 0 0 0 0
8.69458 -6.43623 77.68670 0 0 0 0 0
9.94552 -3.21968 79.20050 0 0 0 0 0
10.09990 -2.04547 75.70790 0 0 0 0 0
0.00026 -11.75570 82.44850 0 0 0 0 0
1.62067 -11.60190 82.41040 0 0 0 0 0
0.53151 -11.38090 73.69570 0 0 0 0 0
1.13323 -10.75420 73.58470 0 0 0 0 0
1.16413 -11.01040 74.43160 0 0 0 0 0
1.86198 -12.01290 76.13060 0 0 0 0 0
7.18402 -9.84578 76.69980 0 0 0 0 0
7.83452 -8.54642 76.13570 0 0 0 0 0
8.16249 -7.96293 76.75610 0 0 0 0 0
4.62367 -11.68450 77.98870 0 0 0 0 0
4.87217 -11.47550 80.02680 0 0 0 0 0
0.00026 -11.79960 72.97780 0 0 0 0 0
0.60370 -11.59560 72.90580 0 0 0 0 0
0.00026 -11.55560 73.70420 0 0 0 0 0
1.63611 -11.21670 70.62930 0 0 0 0 0
1.48440 -10.96540 71.75190 0 0 0 0 0
1.39030 -10.69360 72.66890 0 0 0 0 0
0.71927 -12.03810 71.94210 0 0 0 0 0
7.96088 -7.50350 73.27930 0 0 0 0 0
8.69964 -6.37155 73.02020 0 0 0 0 0
8.60725 -6.50667 74.23910 0 0 0 0 0
8.04957 -7.48081 74.24800 0 0 0 0 0
9.07345 -5.10348 74.06670 0 0 0 0 0
8.44300 -7.04351 75.58600 0 0 0 0 0
9.50122 -2.92041 71.23600 0 0 0 0 0
9.80427 -1.94968 71.13970 0 0 0 0 0
9.88065 -2.02028 73.27280 0 0 0 0 0
9.49772 -3.35813 73.63260 0 0 0 0 0
8.72305 -6.13781 71.59630 0 0 0 0 0
9.10053 -4.77562 71.62200 0 0 0 0 0
9.12309 -4.88691 72.44460 0 0 0 0 0
7.91079 -6.71419 68.68050 0 0 0 0 0
7.09070 -8.14277 68.46980 0 0 0 0 0
9.42051 -1.61132 69.05370 0 0 0 0 0
9.12770 -2.61428 69.03310 0 0 0 0 0
9.81748 -1.26049 70.73820 0 0 0 0 0
10.04920 -1.07812 72.50900 0 0 0 0 0
9.50696 -0.90242 69.34340 0 0 0 0 0
2.76959 -10.44580 70.01100 0 0 0 0 0
5.84821 -9.14531 68.06880 0 0 0 0 0
4.79734 -9.67487 67.65690 0 0 0 0 0
10.29660 -1.16479 73.74690 0 0 0 0 0
2.83095 -10.24270 68.65800 0 0 0 0 0
4.19583 -10.03220 69.80370 0 0 0 0 0
3.83139 -10.08380 68.55970 0 0 0 0 0
2.69730 -10.14480 71.39050 0 0 0 0 0
3.90667 -9.90314 66.89060 0 0 0 0 0
2.64547 -10.05220 72.07310 0 0 0 0 0
3.05021 -10.16260 67.43760 0 0 0 0 0
5.77458 -9.63184 70.02660 0 0 0 0 0
7.17037 -8.64523 70.24190 0 0 0 0 0
8.40432 -5.36668 68.76980 0 0 0 0 0
8.70932 -4.10797 68.83950 0 0 0 0 0
9.00630 -4.47969 70.50060 0 0 0 0 0
8.68652 -5.78162 70.39280 0 0 0 0 0
6.61737 -8.78284 73.69400 0 0 0 0 0
6.94385 -8.63234 74.16270 0 0 0 0 0
6.71608 -8.81188 74.18930 0 0 0 0 0
6.51628 -8.87973 74.03780 0 0 0 0 0
6.77674 -8.80896 74.33630 0 0 0 0 0
6.61378 -9.01663 74.51580 0 0 0 0 0
5.15053 -9.64910 73.09210 0 0 0 0 0
5.26443 -9.46983 72.54440 0 0 0 0 0
6.21464 -8.97737 73.01340 0 0 0 0 0
6.02840 -9.06991 73.36170 0 0 0 0 0
6.98602 -8.53077 73.47960 0 0 0 0 0
5.97901 -9.29841 73.80660 0 0 0 0 0
2.32704 -10.17260 73.29360 0 0 0 0 0
1.86324 -10.27900 72.93410 0 0 0 0 0
2.81539 -9.97529 72.52950 0 0 0 0 0
3.00100 -10.03880 72.99350 0 0 0 0 0
5.08223 -9.78123 73.57280 0 0 0 0 0
2.51988 -10.24550 73.60770 0 0 0 0 0
3.16768 -10.23890 73.51410 0 0 0 0 0
2.16339 -10.17660 73.61530 0 0 0 0 0
1.94589 -10.23810 73.52720 0 0 0 0 0
3.99178 -9.94660 72.95520 0 0 0 0 0
4.03998 -10.07980 73.41990 0 0 0 0 0
1.57126 -10.40580 73.55410 0 0 0 0 0
7.57363 -8.21054 74.87240 0 0 0 0 0
7.02855 -8.69673 74.47980 0 0 0 0 0
7.52312 -8.07229 74.19060 0 0 0 0 0
3.21836 -10.75430 74.93070 0 0 0 0 0
3.16160 -10.92380 75.39780 0 0 0 0 0
2.33803 -10.71830 74.72340 0 0 0 0 0
2.51358 -10.49560 74.29000 0 0 0 0 0
5.43205 -10.55720 75.38180 0 0 0 0 0
6.21411 -9.86255 75.06880 0 0 0 0 0
6.57283 -9.93204 75.53080 0 0 0 0 0
5.45364 -10.78400 75.76240 0 0 0 0 0
6.96294 -9.92324 76.15670 0 0 0 0 0
6.94315 -9.00230 74.88690 0 0 0 0 0
7.42881 -8.84503 75.44540 0 0 0 0 0
2.17066 -10.25290 73.88170 0 0 0 0 0
1.93767 -10.34750 73.95400 0 0 0 0 0
3.05063 -11.45040 75.83200 0 0 0 0 0
2.02107 -11.12700 75.19810 0 0 0 0 0
5.70378 -10.90650 76.34590 0 0 0 0 0
1.60113 -10.66570 74.18740 0 0 0 0 0
4.26111 -10.93190 75.30040 0 0 0 0 0
4.28477 -11.20260 75.65390 0 0 0 0 0
4.36692 -11.40330 76.15340 0 0 0 0 0
10.95900 2.23528 70.78200 0 0 0 0 0
10.18400 2.32589 70.71740 0 0 0 0 0
11.00050 3.31224 72.50500 0 0 0 0 0
11.68700 3.10139 72.34990 0 0 0 0 0
12.28600 3.39175 74.08130 0 0 0 0 0
12.35040 2.86735 73.83190 0 0 0 0 0
11.66280 2.43266 72.17400 0 0 0 0 0
11.36960 3.49605 74.05260 0 0 0 0 0
11.05130 1.62513 70.90650 0 0 0 0 0
11.43980 2.25420 75.41870 0 0 0 0 0
11.35450 0.93934 75.94480 0 0 0 0 0
12.07180 0.84118 75.63730 0 0 0 0 0
12.30270 2.14579 75.27090 0 0 0 0 0
10.22500 1.42621 69.29420 0 0 0 0 0
9.56454 1.56746 69.43710 0 0 0 0 0
11.02680 -0.61449 75.45200 0 0 0 0 0
11.58580 -0.40975 75.28690 0 0 0 0 0
12.36030 2.18322 74.55020 0 0 0 0 0
12.15000 1.00645 74.85890 0 0 0 0 0
10.74150 -0.75033 73.40230 0 0 0 0 0
11.04170 1.28513 72.84020 0 0 0 0 0
10.44890 0.98886 69.67780 0 0 0 0 0
10.31590 0.87971 71.14200 0 0 0 0 0
11.44590 1.92907 72.04000 0 0 0 0 0
11.80720 2.00962 73.22480 0 0 0 0 0
9.83148 0.31866 70.22140 0 0 0 0 0
8.80094 0.75286 68.33780 0 0 0 0 0
9.42741 0.05233 67.99070 0 0 0 0 0
10.49580 -0.30630 74.87140 0 0 0 0 0
10.55490 3.10024 74.06140 0 0 0 0 0
9.16595 2.18158 70.62110 0 0 0 0 0
10.62250 1.85565 75.39030 0 0 0 0 0
9.81087 -0.44772 68.91930 0 0 0 0 0
10.29120 -0.73946 72.35970 0 0 0 0 0
9.70789 -0.18770 70.80850 0 0 0 0 0
10.66980 0.61268 75.38740 0 0 0 0 0
7.98584 -7.81975 75.26410 0 0 0 0 0
1.52185 -10.05370 63.53880 0 0 0 0 0
0.00026 -9.91125 61.67760 0 0 0 0 0
1.18451 -9.80911 61.71770 0 0 0 0 0
2.55441 -10.41600 66.34390 0 0 0 0 0
3.96295 -9.77727 72.45390 0 0 0 0 0
0.00026 -11.05650 65.17150 0 0 0 0 0
0.73344 -10.81340 64.13150 0 0 0 0 0
0.00026 -10.86090 64.10670 0 0 0 0 0
3.12372 -11.86660 76.58430 0 0 0 0 0
5.46930 -9.44533 72.14330 0 0 0 0 0
3.98622 -9.80943 72.00660 0 0 0 0 0
6.69912 -8.85032 72.51640 0 0 0 0 0
5.89402 -11.09020 76.97220 0 0 0 0 0
4.43898 -11.62820 76.89570 0 0 0 0 0
-0.01485 -3.31062 59.17650 0 0 0 0 0
5.10893 -1.77800 68.17310 0 0 0 0 0
0.00041 -5.13166 68.37280 0 0 0 0 0
0.00040 -0.51193 68.50720 0 0 0 0 0
0.00040 0.53691 67.14390 0 0 0 0 0
0.00026 -10.79190 63.88600 0 0 0 0 0
0.76412 -10.74620 63.89380 0 0 0 0 0
0.00026 13.42840 84.56770 0 0 0 0 0
0.00026 -12.22130 71.97620 0 0 0 0 0
0.00070 -1.97424 58.04040 0 0 0 0 0
4.12005 -9.87844 71.29780 0 0 0 0 0
5.29078 -9.72520 84.33100 0 0 0 0 0
5.10300 -10.69860 82.04830 0 0 0 0 0
3.63619 -10.29690 84.62480 0 0 0 0 0
3.48424 -11.27750 82.36990 0 0 0 0 0
0.00026 -10.65030 85.09460 0 0 0 0 0
1.64270 -10.52500 84.93380 0 0 0 0 0
1.68737 -9.44001 86.49370 0 0 0 0 0
0.00026 -9.54827 86.69810 0 0 0 0 0
1.65795 4.14580 58.68010 0 0 0 0 0
1.00094 3.86854 59.46830 0 0 0 0 0
2.91017 3.07736 59.27020 0 0 0 0 0
3.04407 3.67912 58.66620 0 0 0 0 0
3.97060 2.23291 58.87260 0 0 0 0 0
3.56000 -0.22638 58.36920 0 0 0 0 0
4.00783 0.85060 58.66260 0 0 0 0 0
0.60433 4.39680 58.68720 0 0 0 0 0
0.50010 4.13013 59.07560 0 0 0 0 0
1.58754 -1.67870 58.04940 0 0 0 0 0
0.72506 -2.01800 57.88470 0 0 0 0 0
2.71951 -0.98253 58.20720 0 0 0 0 0
0.00107 -2.08719 57.82100 0 0 0 0 0
4.80823 0.62127 58.37660 0 0 0 0 0
4.94473 2.04778 58.46270 0 0 0 0 0
2.84167 -1.58173 57.81740 0 0 0 0 0
4.59639 -0.34829 58.02120 0 0 0 0 0
1.44671 -2.10323 57.72610 0 0 0 0 0
0.66055 -2.30823 57.52530 0 0 0 0 0
4.92633 2.97351 58.37480 0 0 0 0 0
0.00022 -2.33400 57.45120 0 0 0 0 0
0.00020 4.10324 59.50410 0 0 0 0 0
0.00020 4.21787 59.06850 0 0 0 0 0
0.00020 4.41794 58.66680 0 0 0 0 0
1.71687 -9.63449 62.82700 0 0 0 0 0
0.00026 -10.15790 63.38670 0 0 0 0 0
0.77418 -10.14090 63.43770 0 0 0 0 0
0.91723 -9.78474 62.73450 0 0 0 0 0
0.00026 -9.85752 62.66920 0 0 0 0 0
1.88070 -9.65014 61.94440 0 0 0 0 0
0.00026 -12.48500 68.18500 0 0 0 0 0
7.90002 -4.81220 66.68190 0 0 0 0 0
5.92197 -5.29702 62.79340 0 0 0 0 0
2.90461 -6.09791 59.63410 0 0 0 0 0
0.00026 -6.34801 59.41530 0 0 0 0 0
4.75449 -5.55459 60.90500 0 0 0 0 0
8.23886 -7.22287 70.27080 0 0 0 0 0
8.24379 -7.42313 71.65920 0 0 0 0 0
7.12090 -8.76391 71.63420 0 0 0 0 0
0.65053 -12.60430 68.47830 0 0 0 0 0
0.00026 -12.85320 68.36510 0 0 0 0 0
0.75840 -12.96100 68.77230 0 0 0 0 0
0.00026 -13.24560 68.70040 0 0 0 0 0
5.58625 -9.51032 71.42000 0 0 0 0 0
-2.23156 -9.37232 64.83080 0 0 0 0 0
-2.68977 -8.80128 64.83140 0 0 0 0 0
-2.63932 -9.03143 65.06020 0 0 0 0 0
-2.20656 -9.55441 65.17380 0 0 0 0 0
-1.63918 -9.77017 64.89150 0 0 0 0 0
-1.75671 -10.07750 65.19770 0 0 0 0 0
-1.10825 -9.98806 64.55480 0 0 0 0 0
-1.26262 -10.21080 65.23090 0 0 0 0 0
-0.64340 -10.29310 65.20880 0 0 0 0 0
-0.61939 -10.12890 64.92690 0 0 0 0 0
-0.66263 -10.42890 65.07440 0 0 0 0 0
-0.84382 -10.29100 65.45150 0 0 0 0 0
-2.24303 -9.70548 64.98270 0 0 0 0 0
-2.56465 -8.97559 65.34430 0 0 0 0 0
-2.02772 -9.74786 65.39890 0 0 0 0 0
-1.76006 -10.05540 65.03890 0 0 0 0 0
-1.41374 -10.08660 65.42000 0 0 0 0 0
-2.18024 -5.25899 63.50100 0 0 0 0 0
-3.26445 -0.74201 63.39860 0 0 0 0 0
-2.26698 -8.58501 67.38470 0 0 0 0 0
-1.99766 -9.44540 66.34400 0 0 0 0 0
-3.28122 -8.17995 66.45050 0 0 0 0 0
-3.99938 -5.40790 67.82750 0 0 0 0 0
-1.42657 -8.07537 63.76010 0 0 0 0 0
-1.54902 -9.28306 64.06330 0 0 0 0 0
-5.23779 -0.69523 64.22050 0 0 0 0 0
-3.46651 -6.13225 63.67110 0 0 0 0 0
-5.44016 -0.98532 66.46240 0 0 0 0 0
-4.77318 -5.75574 65.54760 0 0 0 0 0
-0.70154 -10.11020 66.20100 0 0 0 0 0
-3.32579 -8.14724 65.22110 0 0 0 0 0
-2.82217 -8.69098 65.16440 0 0 0 0 0
-3.00626 -7.54665 63.79540 0 0 0 0 0
-1.27702 -10.24800 65.05910 0 0 0 0 0
-1.13263 3.69678 60.23380 0 0 0 0 0
-2.49018 2.99709 60.07680 0 0 0 0 0
-2.36718 3.14691 60.94450 0 0 0 0 0
-1.16132 3.77235 61.03780 0 0 0 0 0
-2.18700 -1.25959 59.07670 0 0 0 0 0
-3.07300 -0.24516 59.66860 0 0 0 0 0
-2.82900 -0.28413 59.07130 0 0 0 0 0
-1.95300 -1.28374 58.61180 0 0 0 0 0
-3.35300 0.86654 59.51630 0 0 0 0 0
-3.49505 0.81179 58.98060 0 0 0 0 0
-2.87082 -0.37576 58.57350 0 0 0 0 0
-0.97500 -1.86663 58.32470 0 0 0 0 0
-1.19000 -2.04911 58.69680 0 0 0 0 0
-3.45300 1.10699 60.26360 0 0 0 0 0
-3.22400 2.01496 59.86580 0 0 0 0 0
-3.53400 1.99520 59.22850 0 0 0 0 0
-3.19200 2.24485 60.70420 0 0 0 0 0
-0.00015 3.94008 60.25700 0 0 0 0 0
0.00000 4.02014 61.05570 0 0 0 0 0
-1.81500 -1.29432 58.32130 0 0 0 0 0
-0.84400 -1.82696 58.06920 0 0 0 0 0
-2.28605 -4.10651 59.80530 0 0 0 0 0
-1.95677 -3.41706 59.76340 0 0 0 0 0
-4.91615 4.09729 63.51890 0 0 0 0 0
-5.36949 1.70212 63.05650 0 0 0 0 0
-6.22432 2.54795 64.72080 0 0 0 0 0
-6.77549 6.08363 66.16920 0 0 0 0 0
0.00026 13.25490 71.01770 0 0 0 0 0
-2.96350 12.49930 70.99820 0 0 0 0 0
-3.59258 13.86120 77.10200 0 0 0 0 0
0.00026 14.38230 77.21540 0 0 0 0 0
-8.20828 5.08954 67.64910 0 0 0 0 0
-8.71620 5.78656 69.67980 0 0 0 0 0
-8.09278 8.91615 70.47690 0 0 0 0 0
-7.75100 3.21033 67.18930 0 0 0 0 0
-7.53086 0.50316 66.50420 0 0 0 0 0
-8.45847 0.82843 68.03740 0 0 0 0 0
-8.57500 3.49286 68.15460 0 0 0 0 0
-5.81362 10.92010 70.89240 0 0 0 0 0
-6.66543 12.07530 76.59430 0 0 0 0 0
-9.21416 9.74727 75.06520 0 0 0 0 0
0.00026 10.05810 66.49960 0 0 0 0 0
-2.38411 9.20002 66.47190 0 0 0 0 0
-10.37990 3.53428 74.71680 0 0 0 0 0
-10.04630 6.73352 74.58350 0 0 0 0 0
-9.14110 3.50860 70.28960 0 0 0 0 0
-3.54302 -1.78605 61.31800 0 0 0 0 0
-2.75632 -1.52650 60.12050 0 0 0 0 0
-1.61881 -2.72369 59.50150 0 0 0 0 0
-4.74435 -0.10820 62.31560 0 0 0 0 0
-6.20834 -0.65180 62.73960 0 0 0 0 0
-6.00918 0.17819 63.52150 0 0 0 0 0
-4.73432 7.69897 66.25830 0 0 0 0 0
-3.65947 -0.25383 60.90380 0 0 0 0 0
-4.03525 1.51199 61.60220 0 0 0 0 0
-3.63540 2.83126 61.85360 0 0 0 0 0
-2.64575 3.68631 62.07610 0 0 0 0 0
-1.26395 4.24275 62.10240 0 0 0 0 0
0.00018 4.47194 62.08700 0 0 0 0 0
-3.86128 5.26931 63.82320 0 0 0 0 0
-1.90473 6.40880 63.98070 0 0 0 0 0
0.00020 6.82409 64.05380 0 0 0 0 0
-1.91829 -11.65280 69.34290 0 0 0 0 0
-1.80370 -11.61760 70.11780 0 0 0 0 0
-2.28768 -10.81730 69.66160 0 0 0 0 0
-2.30182 -10.96450 69.12910 0 0 0 0 0
-2.42229 -10.62530 69.86360 0 0 0 0 0
-2.34343 -10.38160 68.75640 0 0 0 0 0
-1.68091 -11.22890 70.40520 0 0 0 0 0
-1.25322 -12.37020 70.24830 0 0 0 0 0
-1.10643 -12.13310 70.70400 0 0 0 0 0
-1.31935 -12.58540 69.56390 0 0 0 0 0
-1.58291 -11.71010 68.63610 0 0 0 0 0
-1.08316 -12.19330 68.76390 0 0 0 0 0
-1.26839 -12.56180 69.11420 0 0 0 0 0
-1.82305 -11.69220 68.94080 0 0 0 0 0
-1.72177 -10.77080 68.44290 0 0 0 0 0
-2.12280 -11.00130 68.71790 0 0 0 0 0
-2.12849 -10.62120 68.61500 0 0 0 0 0
-1.77279 -10.55710 68.31740 0 0 0 0 0
-0.33722 -11.11580 68.02390 0 0 0 0 0
-1.28065 -10.93230 68.63200 0 0 0 0 0
-0.80466 -12.82170 70.44250 0 0 0 0 0
-0.82759 -13.10130 69.66710 0 0 0 0 0
-0.82281 -13.13840 69.18460 0 0 0 0 0
-0.44192 -11.77030 68.16780 0 0 0 0 0
-0.52267 -12.25440 68.27550 0 0 0 0 0
-0.94737 -11.39600 68.92990 0 0 0 0 0
-0.79481 -12.31170 71.20200 0 0 0 0 0
-0.33838 -10.95160 67.91520 0 0 0 0 0
-0.34021 -10.89520 67.76090 0 0 0 0 0
-0.69333 -11.14130 66.71700 0 0 0 0 0
-0.74992 -11.45930 66.34860 0 0 0 0 0
-0.50684 -10.95820 67.42270 0 0 0 0 0
-1.78010 -10.41070 68.10310 0 0 0 0 0
-1.87280 -10.37680 67.70600 0 0 0 0 0
-1.71250 -10.77520 66.62850 0 0 0 0 0
-1.53378 -11.04140 66.07690 0 0 0 0 0
-3.42804 -9.15535 64.74400 0 0 0 0 0
-2.97101 -9.28758 64.87780 0 0 0 0 0
-3.07128 -9.40559 65.13700 0 0 0 0 0
-3.60580 -9.38844 65.38210 0 0 0 0 0
-2.87959 -9.50589 64.11220 0 0 0 0 0
-2.66639 -9.70514 64.61810 0 0 0 0 0
-2.06880 -9.95066 63.64710 0 0 0 0 0
-1.91444 -10.35350 64.15030 0 0 0 0 0
-1.89806 -10.36740 64.39760 0 0 0 0 0
-2.59955 -9.78929 64.75110 0 0 0 0 0
-2.86891 -9.39732 65.07540 0 0 0 0 0
-2.83310 -9.29771 64.93450 0 0 0 0 0
-2.71467 -9.26978 64.99250 0 0 0 0 0
-2.46542 -9.84550 64.98460 0 0 0 0 0
-1.85023 -10.30390 64.82030 0 0 0 0 0
-1.37118 -10.60390 64.72980 0 0 0 0 0
-1.43734 -10.55060 63.99160 0 0 0 0 0
-1.41367 -10.63450 64.23490 0 0 0 0 0
-0.73174 -10.79000 64.65800 0 0 0 0 0
-2.82036 -9.95752 65.46670 0 0 0 0 0
-3.28270 -9.88930 65.96160 0 0 0 0 0
-0.73840 -11.52240 65.90650 0 0 0 0 0
-2.73528 -9.98717 65.27460 0 0 0 0 0
-0.71266 -11.02910 65.26040 0 0 0 0 0
-1.39892 -10.80160 65.22280 0 0 0 0 0
-2.71805 -9.30420 65.05070 0 0 0 0 0
-2.46442 -10.06090 65.00820 0 0 0 0 0
-1.49713 -11.03630 65.71310 0 0 0 0 0
-2.19352 -10.66150 65.82580 0 0 0 0 0
-2.13468 -10.63970 65.52150 0 0 0 0 0
-1.99231 -10.50860 65.13150 0 0 0 0 0
-7.82075 0.05369 64.74890 0 0 0 0 0
-8.48832 -0.15349 66.20510 0 0 0 0 0
-7.43217 -5.90531 66.53040 0 0 0 0 0
-6.71389 -5.38535 64.55920 0 0 0 0 0
-6.00182 -6.72623 64.37010 0 0 0 0 0
-6.68042 -7.17547 66.34030 0 0 0 0 0
-7.31290 -4.25635 64.75800 0 0 0 0 0
-7.90724 -3.16418 65.03090 0 0 0 0 0
-7.24841 -2.97943 63.43370 0 0 0 0 0
-6.63530 -4.00862 63.03470 0 0 0 0 0
-2.30361 -8.52620 59.84230 0 0 0 0 0
-1.67464 -9.54798 60.73340 0 0 0 0 0
-2.80438 -8.85164 61.47270 0 0 0 0 0
-3.58033 -8.06253 60.97400 0 0 0 0 0
-5.27700 -7.82296 64.44570 0 0 0 0 0
-4.63002 -8.65189 64.56870 0 0 0 0 0
-4.90363 -9.09215 66.11920 0 0 0 0 0
-5.82757 -8.33651 66.18210 0 0 0 0 0
-3.32179 -9.16236 63.51320 0 0 0 0 0
-2.36276 -9.41730 63.08940 0 0 0 0 0
-8.12087 -0.77778 64.40560 0 0 0 0 0
-8.90818 -0.44389 67.66200 0 0 0 0 0
-3.92675 -8.63833 63.18960 0 0 0 0 0
-4.59555 -7.75631 62.81010 0 0 0 0 0
-8.73276 -1.05420 65.75600 0 0 0 0 0
-2.71716 -7.23634 59.56480 0 0 0 0 0
-4.10370 -6.93087 60.86220 0 0 0 0 0
-6.28250 -1.92143 62.11330 0 0 0 0 0
-2.65722 -4.52843 59.79860 0 0 0 0 0
-2.95855 -5.44173 59.69560 0 0 0 0 0
-2.86455 -4.91697 59.75280 0 0 0 0 0
-9.14069 -1.32035 67.54730 0 0 0 0 0
-5.74992 -3.20210 61.61410 0 0 0 0 0
-5.27709 -4.37305 61.24130 0 0 0 0 0
-4.00389 -9.00275 64.70690 0 0 0 0 0
-4.24749 -9.24870 65.78410 0 0 0 0 0
-7.83682 -1.83543 63.92380 0 0 0 0 0
-5.27364 -6.67671 62.74190 0 0 0 0 0
-8.47031 -2.02900 65.38400 0 0 0 0 0
-8.41143 -3.60978 66.98360 0 0 0 0 0
-8.84636 -2.36589 67.28850 0 0 0 0 0
-7.27851 -6.47465 85.54150 0 0 0 0 0
-3.99239 -7.92607 87.59170 0 0 0 0 0
-4.07434 -4.84084 88.74210 0 0 0 0 0
-7.73457 -3.84828 86.51730 0 0 0 0 0
-4.16080 0.56000 89.92420 0 0 0 0 0
-8.18492 0.65595 87.52750 0 0 0 0 0
-10.38550 0.56733 83.70360 0 0 0 0 0
-9.89487 -2.64445 83.97650 0 0 0 0 0
0.00026 -8.37050 88.00410 0 0 0 0 0
0.00026 -5.36561 89.16090 0 0 0 0 0
0.00026 0.38725 90.31220 0 0 0 0 0
-10.67380 2.18602 76.19820 0 0 0 0 0
-10.49990 5.91216 77.59480 0 0 0 0 0
-10.39430 -1.41655 79.98130 0 0 0 0 0
-10.68820 0.51152 80.23170 0 0 0 0 0
-10.47910 -0.16501 76.30810 0 0 0 0 0
-10.23960 -1.22423 75.78840 0 0 0 0 0
-9.87472 8.95621 80.38290 0 0 0 0 0
-10.78580 4.96185 83.08140 0 0 0 0 0
-8.09596 7.71486 86.49330 0 0 0 0 0
-7.38169 11.24560 82.95310 0 0 0 0 0
-4.01833 12.98490 84.25530 0 0 0 0 0
0.00026 5.61986 90.37010 0 0 0 0 0
0.00026 9.68088 88.41680 0 0 0 0 0
-4.38967 9.20276 87.91750 0 0 0 0 0
-4.30110 5.35116 89.91420 0 0 0 0 0
-10.68360 1.02222 76.54750 0 0 0 0 0
-10.85850 3.47813 79.67550 0 0 0 0 0
-8.33608 4.80398 87.54100 0 0 0 0 0
-8.91147 -5.36001 82.43240 0 0 0 0 0
-6.88060 -8.47751 83.70970 0 0 0 0 0
-3.22357 -12.07560 78.04390 0 0 0 0 0
-1.75347 -12.25200 77.77950 0 0 0 0 0
-1.64003 -12.12660 80.17220 0 0 0 0 0
-3.35788 -11.92130 80.24110 0 0 0 0 0
-0.87059 -11.99140 75.78600 0 0 0 0 0
-0.63968 -11.38240 74.58200 0 0 0 0 0
-0.84300 -12.16780 77.40660 0 0 0 0 0
-5.29044 -8.66957 85.69940 0 0 0 0 0
-3.79247 -9.20664 86.21020 0 0 0 0 0
-6.55191 -9.63155 81.58200 0 0 0 0 0
-8.40021 -7.00737 80.50570 0 0 0 0 0
-7.93631 -8.25953 79.19300 0 0 0 0 0
-6.30745 -10.62440 79.73960 0 0 0 0 0
-7.48743 -9.62280 77.55370 0 0 0 0 0
-6.09374 -11.01750 77.88240 0 0 0 0 0
-8.99174 -5.67556 75.69200 0 0 0 0 0
-8.69458 -6.43623 77.68670 0 0 0 0 0
-9.25806 -4.72273 78.39960 0 0 0 0 0
-9.53826 -3.78934 75.77840 0 0 0 0 0
-10.09990 -2.04547 75.70790 0 0 0 0 0
-9.94552 -3.21968 79.20050 0 0 0 0 0
-1.62067 -11.60190 82.41040 0 0 0 0 0
-0.53151 -11.38090 73.69570 0 0 0 0 0
-1.16413 -11.01040 74.43160 0 0 0 0 0
-1.13323 -10.75420 73.58470 0 0 0 0 0
-1.86198 -12.01290 76.13060 0 0 0 0 0
-8.16249 -7.96293 76.75610 0 0 0 0 0
-7.83452 -8.54643 76.13570 0 0 0 0 0
-7.18402 -9.84580 76.69980 0 0 0 0 0
-4.62367 -11.68460 77.98870 0 0 0 0 0
-4.87217 -11.47550 80.02680 0 0 0 0 0
-0.60370 -11.59560 72.90580 0 0 0 0 0
-1.63611 -11.21670 70.62930 0 0 0 0 0
-1.48440 -10.96540 71.75190 0 0 0 0 0
-0.71927 -12.03810 71.94210 0 0 0 0 0
-1.39030 -10.69360 72.66890 0 0 0 0 0
-7.96088 -7.50349 73.27930 0 0 0 0 0
-8.04957 -7.48080 74.24800 0 0 0 0 0
-8.60725 -6.50667 74.23910 0 0 0 0 0
-8.69964 -6.37156 73.02020 0 0 0 0 0
-8.44300 -7.04351 75.58600 0 0 0 0 0
-9.07345 -5.10348 74.06670 0 0 0 0 0
-9.50122 -2.92042 71.23600 0 0 0 0 0
-9.49772 -3.35814 73.63260 0 0 0 0 0
-9.88065 -2.02028 73.27280 0 0 0 0 0
-9.80427 -1.94968 71.13970 0 0 0 0 0
-8.72305 -6.13781 71.59630 0 0 0 0 0
-9.12309 -4.88691 72.44460 0 0 0 0 0
-9.10053 -4.77563 71.62200 0 0 0 0 0
-7.91079 -6.71420 68.68050 0 0 0 0 0
-7.09069 -8.14277 68.46980 0 0 0 0 0
-9.12770 -2.61428 69.03310 0 0 0 0 0
-9.42051 -1.61133 69.05370 0 0 0 0 0
-10.04920 -1.07812 72.50900 0 0 0 0 0
-9.81748 -1.26049 70.73820 0 0 0 0 0
-9.50696 -0.90242 69.34340 0 0 0 0 0
-2.76959 -10.44580 70.01100 0 0 0 0 0
-4.79734 -9.67487 67.65690 0 0 0 0 0
-5.84821 -9.14531 68.06880 0 0 0 0 0
-10.29660 -1.16479 73.74690 0 0 0 0 0
-2.83094 -10.24270 68.65800 0 0 0 0 0
-4.19582 -10.03220 69.80370 0 0 0 0 0
-3.83139 -10.08380 68.55970 0 0 0 0 0
-2.69730 -10.14480 71.39050 0 0 0 0 0
-3.90667 -9.90314 66.89060 0 0 0 0 0
-2.64547 -10.05220 72.07310 0 0 0 0 0
-3.05021 -10.16260 67.43760 0 0 0 0 0
-5.77458 -9.63184 70.02660 0 0 0 0 0
-7.17036 -8.64523 70.24190 0 0 0 0 0
-8.40432 -5.36669 68.76980 0 0 0 0 0
-8.68652 -5.78163 70.39280 0 0 0 0 0
-9.00630 -4.47970 70.50060 0 0 0 0 0
-8.70932 -4.10798 68.83940 0 0 0 0 0
-6.61737 -8.78284 73.69400 0 0 0 0 0
-6.51628 -8.87974 74.03780 0 0 0 0 0
-6.71608 -8.81190 74.18930 0 0 0 0 0
-6.94385 -8.63235 74.16270 0 0 0 0 0
-6.61378 -9.01664 74.51580 0 0 0 0 0
-6.77674 -8.80897 74.33630 0 0 0 0 0
-5.15053 -9.64910 73.09210 0 0 0 0 0
-6.02840 -9.06991 73.36170 0 0 0 0 0
-6.21464 -8.97737 73.01340 0 0 0 0 0
-5.26443 -9.46983 72.54440 0 0 0 0 0
-7.22006 -8.53078 73.47960 0 0 0 0 0
-5.97901 -9.29841 73.80660 0 0 0 0 0
-2.32704 -10.17260 73.29360 0 0 0 0 0
-3.00100 -10.03880 72.99350 0 0 0 0 0
-2.81539 -9.97529 72.52950 0 0 0 0 0
-1.86324 -10.27900 72.93410 0 0 0 0 0
-5.08223 -9.78123 73.57280 0 0 0 0 0
-2.51988 -10.24550 73.60770 0 0 0 0 0
-3.16768 -10.23890 73.51410 0 0 0 0 0
-2.16339 -10.17660 73.61530 0 0 0 0 0
-1.94589 -10.23810 73.52720 0 0 0 0 0
-3.99178 -9.94660 72.95520 0 0 0 0 0
-4.03998 -10.07980 73.41990 0 0 0 0 0
-1.57126 -10.40580 73.55410 0 0 0 0 0
-7.57363 -8.21056 74.87240 0 0 0 0 0
-7.52312 -8.07230 74.19060 0 0 0 0 0
-7.02855 -8.69674 74.47980 0 0 0 0 0
-3.21836 -10.75430 74.93070 0 0 0 0 0
-2.51359 -10.49560 74.29000 0 0 0 0 0
-2.33803 -10.71830 74.72340 0 0 0 0 0
-3.16160 -10.92380 75.39780 0 0 0 0 0
-5.43205 -10.55720 75.38180 0 0 0 0 0
-5.45364 -10.78400 75.76240 0 0 0 0 0
-6.57283 -9.93204 75.53080 0 0 0 0 0
-6.21411 -9.86255 75.06880 0 0 0 0 0
-6.96294 -9.92325 76.15670 0 0 0 0 0
-7.42881 -8.84505 75.44540 0 0 0 0 0
-6.94315 -9.00231 74.88690 0 0 0 0 0
-2.17066 -10.25290 73.88170 0 0 0 0 0
-1.93767 -10.34750 73.95400 0 0 0 0 0
-2.02107 -11.12700 75.19810 0 0 0 0 0
-3.05062 -11.45040 75.83200 0 0 0 0 0
-5.70378 -10.90650 76.34590 0 0 0 0 0
-1.60113 -10.66570 74.18740 0 0 0 0 0
-4.28477 -11.20260 75.65390 0 0 0 0 0
-4.26111 -10.93190 75.30040 0 0 0 0 0
-4.36692 -11.40330 76.15340 0 0 0 0 0
-10.95900 2.23528 70.78200 0 0 0 0 0
-11.68700 3.10139 72.34990 0 0 0 0 0
-11.00050 3.31224 72.50500 0 0 0 0 0
-10.18400 2.32589 70.71740 0 0 0 0 0
-11.66280 2.43266 72.17400 0 0 0 0 0
-12.35040 2.86735 73.83190 0 0 0 0 0
-12.28600 3.39175 74.08130 0 0 0 0 0
-11.36960 3.49605 74.05260 0 0 0 0 0
-11.05130 1.62513 70.90650 0 0 0 0 0
-11.43980 2.25420 75.41870 0 0 0 0 0
-12.30270 2.14579 75.27090 0 0 0 0 0
-12.07180 0.84118 75.63730 0 0 0 0 0
-11.35450 0.93934 75.94480 0 0 0 0 0
-10.22500 1.42621 69.29420 0 0 0 0 0
-9.56454 1.56746 69.43710 0 0 0 0 0
-11.58580 -0.40975 75.28690 0 0 0 0 0
-11.02680 -0.61449 75.45200 0 0 0 0 0
-12.36030 2.18322 74.55020 0 0 0 0 0
-12.15000 1.00645 74.85890 0 0 0 0 0
-10.74150 -0.75033 73.40230 0 0 0 0 0
-11.04170 1.28513 72.84020 0 0 0 0 0
-10.44890 0.98886 69.67780 0 0 0 0 0
-11.80720 2.00962 73.22480 0 0 0 0 0
-11.44590 1.92907 72.04000 0 0 0 0 0
-10.31590 0.87971 71.14200 0 0 0 0 0
-9.83148 0.31866 70.22140 0 0 0 0 0
-8.80094 0.75286 68.33780 0 0 0 0 0
-9.42741 0.05233 67.99070 0 0 0 0 0
-10.49580 -0.30630 74.87140 0 0 0 0 0
-9.16595 2.18158 70.62110 0 0 0 0 0
-10.55490 3.10024 74.06140 0 0 0 0 0
-10.62250 1.85565 75.39030 0 0 0 0 0
-9.81087 -0.44772 68.91930 0 0 0 0 0
-10.29120 -0.73946 72.35970 0 0 0 0 0
-9.70789 -0.18770 70.80850 0 0 0 0 0
-10.66980 0.61268 75.38740 0 0 0 0 0
-7.98584 -7.81975 75.26410 0 0 0 0 0
-1.52185 -10.05370 63.53880 0 0 0 0 0
-1.18451 -9.80911 61.71770 0 0 0 0 0
-2.55441 -10.41600 66.34390 0 0 0 0 0
-3.96295 -9.77727 72.45380 0 0 0 0 0
-0.73344 -10.81340 64.13150 0 0 0 0 0
-3.12372 -11.86660 76.58430 0 0 0 0 0
-5.46930 -9.44533 72.14330 0 0 0 0 0
-3.98622 -9.80943 72.00660 0 0 0 0 0
-6.69912 -8.85032 72.51640 0 0 0 0 0
-5.89402 -11.09020 76.97220 0 0 0 0 0
-4.43898 -11.62820 76.89570 0 0 0 0 0
-5.10921 -1.77800 68.17310 0 0 0 0 0
-0.76412 -10.74620 63.89380 0 0 0 0 0
0.00026 13.42840 84.56770 0 0 0 0 0
-4.12005 -9.87844 71.29780 0 0 0 0 0
-5.29078 -9.72522 84.33100 0 0 0 0 0
-5.10300 -10.69860 82.04830 0 0 0 0 0
-3.63619 -10.29690 84.62480 0 0 0 0 0
-3.48424 -11.27750 82.36990 0 0 0 0 0
-1.68738 -9.44001 86.49370 0 0 0 0 0
-1.64270 -10.52500 84.93380 0 0 0 0 0
-1.65795 4.14580 58.68010 0 0 0 0 0
-3.04407 3.67912 58.66620 0 0 0 0 0
-2.91017 3.07736 59.27020 0 0 0 0 0
-1.00094 3.86854 59.46830 0 0 0 0 0
-3.97087 2.23291 58.87260 0 0 0 0 0
-3.54217 -0.22638 58.36920 0 0 0 0 0
-3.99517 0.87691 58.66010 0 0 0 0 0
-0.60433 4.39680 58.68720 0 0 0 0 0
-0.50010 4.13013 59.07560 0 0 0 0 0
-1.57000 -1.67870 58.04940 0 0 0 0 0
-0.71955 -1.99101 57.88310 0 0 0 0 0
-2.69970 -0.98253 58.20720 0 0 0 0 0
-4.94473 2.04778 58.46270 0 0 0 0 0
-4.79781 0.64091 58.37490 0 0 0 0 0
-4.57917 -0.31767 58.01830 0 0 0 0 0
-2.81390 -1.52244 57.81120 0 0 0 0 0
-1.43186 -2.04960 57.71990 0 0 0 0 0
-0.65801 -2.29025 57.52380 0 0 0 0 0
-4.92633 2.97351 58.37480 0 0 0 0 0
0.00020 4.10324 59.50410 0 0 0 0 0
0.00020 4.21787 59.06850 0 0 0 0 0
0.00020 4.41794 58.66680 0 0 0 0 0
-1.71687 -9.63449 62.82700 0 0 0 0 0
-0.77418 -10.14090 63.43770 0 0 0 0 0
-0.91723 -9.78474 62.73450 0 0 0 0 0
-1.88070 -9.65014 61.94440 0 0 0 0 0
-7.90001 -4.81220 66.68190 0 0 0 0 0
-5.92195 -5.29701 62.79340 0 0 0 0 0
-2.90460 -6.09791 59.63410 0 0 0 0 0
-4.75448 -5.55461 60.90500 0 0 0 0 0
-8.23886 -7.22287 70.27080 0 0 0 0 0
-8.24379 -7.42313 71.65920 0 0 0 0 0
-7.12090 -8.76392 71.63420 0 0 0 0 0
-0.65053 -12.60430 68.47830 0 0 0 0 0
-0.75840 -12.96100 68.77230 0 0 0 0 0
-5.58624 -9.51032 71.42000 0 0 0 0 0
4.24715 -5.51714 65.38690 0 0 0 0 0
4.94616 -1.45096 65.59870 0 0 0 0 0
4.94616 -1.58776 68.11800 0 0 0 0 0
4.24715 -5.65153 67.86180 0 0 0 0 0
3.44109 -1.50936 65.59550 0 0 0 0 0
3.44109 -1.64617 68.11480 0 0 0 0 0
4.94616 -1.58776 68.11800 0 0 0 0 0
4.94616 -1.45096 65.59870 0 0 0 0 0
0.04208 -7.81231 65.76240 0 0 0 0 0
1.92658 -7.46256 65.75920 0 0 0 0 0
2.79893 -8.00731 65.06260 0 0 0 0 0
0.04208 -8.42503 65.02360 0 0 0 0 0
0.04208 -8.55618 67.64420 0 0 0 0 0
2.79893 -8.13846 67.66690 0 0 0 0 0
1.92658 -6.85943 67.73630 0 0 0 0 0
0.04208 -7.20918 67.71730 0 0 0 0 0
2.79893 -8.13846 67.66690 0 0 0 0 0
0.04208 -8.55618 67.64420 0 0 0 0 0
3.14002 -5.08566 65.86880 0 0 0 0 0
2.87349 -5.22005 67.88520 0 0 0 0 0
3.44109 -1.64617 68.11480 0 0 0 0 0
3.44109 -1.50936 65.59550 0 0 0 0 0
0.04208 -7.20918 67.71730 0 0 0 0 0
1.92658 -6.85943 67.73630 0 0 0 0 0
-4.16298 -5.51714 65.38690 0 0 0 0 0
-4.16298 -5.65153 67.86180 0 0 0 0 0
-4.86199 -1.58776 68.11800 0 0 0 0 0
-4.86199 -1.45096 65.59870 0 0 0 0 0
-3.35692 -1.50936 65.59550 0 0 0 0 0
-4.86199 -1.45096 65.59870 0 0 0 0 0
-4.86199 -1.58776 68.11800 0 0 0 0 0
-3.35692 -1.64617 68.11480 0 0 0 0 0
-2.71476 -8.00731 65.06260 0 0 0 0 0
-1.84241 -7.46256 65.75920 0 0 0 0 0
-1.84241 -6.85943 67.73630 0 0 0 0 0
-2.71476 -8.13846 67.66690 0 0 0 0 0
-2.71476 -8.13846 67.66690 0 0 0 0 0
-3.05585 -5.08566 65.86880 0 0 0 0 0
-3.35692 -1.50936 65.59550 0 0 0 0 0
-3.35692 -1.64617 68.11480 0 0 0 0 0
-2.78932 -5.22005 67.88520 0 0 0 0 0
-1.84241 -6.85943 67.73630 0 0 0 0 0
4.24715 -5.65153 67.86180 0 0 0 0 0
2.87349 -5.22005 67.88520 0 0 0 0 0
-2.78932 -5.22005 67.88520 0 0 0 0 0
-4.16298 -5.65153 67.86180 0 0 0 0 0
4.13208 -5.10979 63.87460 0 0 0 0 0
4.78767 -1.51516 64.10130 0 0 0 0 0
4.78767 -1.67396 66.45040 0 0 0 0 0
4.13208 -5.26580 66.17940 0 0 0 0 0
3.33124 -1.56899 64.09790 0 0 0 0 0
3.47925 -1.72779 66.44710 0 0 0 0 0
4.78767 -1.67396 66.45040 0 0 0 0 0
4.78767 -1.51516 64.10130 0 0 0 0 0
0.04208 -6.54831 63.78390 0 0 0 0 0
2.03926 -6.22598 63.80420 0 0 0 0 0
2.71044 -7.45528 63.72990 0 0 0 0 0
0.04208 -8.09526 63.70560 0 0 0 0 0
0.04208 -8.24750 65.95070 0 0 0 0 0
2.71044 -7.60751 65.97500 0 0 0 0 0
1.80101 -7.11504 66.04930 0 0 0 0 0
0.04208 -7.43737 66.02900 0 0 0 0 0
2.71044 -7.45528 63.72990 0 0 0 0 0
0.04208 -8.09526 63.70560 0 0 0 0 0
2.79601 -4.71213 63.89970 0 0 0 0 0
2.91993 -4.86814 66.20450 0 0 0 0 0
3.47925 -1.72779 66.44710 0 0 0 0 0
3.33124 -1.56899 64.09790 0 0 0 0 0
0.04208 -6.54831 63.78390 0 0 0 0 0
2.03926 -6.22598 63.80420 0 0 0 0 0
2.79601 -4.71213 63.89970 0 0 0 0 0
4.13208 -5.10979 63.87460 0 0 0 0 0
-4.04791 -5.10979 63.87460 0 0 0 0 0
-4.04791 -5.26580 66.17940 0 0 0 0 0
-4.70350 -1.67396 66.45040 0 0 0 0 0
-4.70350 -1.51516 64.10130 0 0 0 0 0
-3.24707 -1.56899 64.09790 0 0 0 0 0
-4.70350 -1.51516 64.10130 0 0 0 0 0
-4.70350 -1.67396 66.45040 0 0 0 0 0
-3.39508 -1.72779 66.44710 0 0 0 0 0
-2.62627 -7.45528 63.72990 0 0 0 0 0
-1.95509 -6.22598 63.80420 0 0 0 0 0
-1.71684 -7.11504 66.04930 0 0 0 0 0
-2.62627 -7.60751 65.97500 0 0 0 0 0
-2.62627 -7.45528 63.72990 0 0 0 0 0
-2.71184 -4.71213 63.89970 0 0 0 0 0
-3.24707 -1.56899 64.09790 0 0 0 0 0
-3.39508 -1.72779 66.44710 0 0 0 0 0
-2.83576 -4.86814 66.20450 0 0 0 0 0
-1.95509 -6.22598 63.80420 0 0 0 0 0
-4.04791 -5.10979 63.87460 0 0 0 0 0
-2.71184 -4.71213 63.89970 0 0 0 0 0
-1.13811 -0.73367 62.20670 0 0 0 0 0
-2.18967 -2.14668 63.52440 0 0 0 0 0
-3.25101 -1.87433 64.27920 0 0 0 0 0
-2.57753 -0.03711 62.28590 0 0 0 0 0
2.62121 0.05362 62.28590 0 0 0 0 0
3.33517 -1.79351 64.27920 0 0 0 0 0
2.29610 -2.08593 63.52440 0 0 0 0 0
1.21537 -0.69259 62.20670 0 0 0 0 0
0.01496 0.64280 62.38310 0 0 0 0 0
0.04175 -0.89174 64.95020 0 0 0 0 0
2.03625 -0.92583 65.02010 0 0 0 0 0
1.60885 1.00689 62.37640 0 0 0 0 0
0.05890 -3.04681 65.60650 0 0 0 0 0
1.87084 -3.68068 65.67180 0 0 0 0 0
2.38875 0.78006 62.33250 0 0 0 0 0
3.22769 -1.39261 64.93770 0 0 0 0 0
2.90599 -4.26410 65.38260 0 0 0 0 0
3.11896 -4.40193 64.66160 0 0 0 0 0
2.74439 -4.19508 64.15260 0 0 0 0 0
0.06118 -2.02148 63.13680 0 0 0 0 0
0.05847 -1.40345 62.26580 0 0 0 0 0
0.07087 -3.40556 63.83770 0 0 0 0 0
0.05847 -1.40345 62.26580 0 0 0 0 0
0.06118 -2.02148 63.13680 0 0 0 0 0
0.07087 -3.40556 63.83770 0 0 0 0 0
-2.64346 -4.19398 64.15260 0 0 0 0 0
-3.04303 -4.38396 64.66160 0 0 0 0 0
-2.36217 0.69714 62.33250 0 0 0 0 0
-3.15237 -1.47520 64.93770 0 0 0 0 0
-2.84595 -4.23530 65.38260 0 0 0 0 0
-1.59067 0.95104 62.37640 0 0 0 0 0
-1.96363 -0.98643 65.02100 0 0 0 0 0
-1.79598 -3.66514 65.67140 0 0 0 0 0
-1.27888 -5.53202 65.42310 0 0 0 0 0
0.04072 -4.92522 65.59100 0 0 0 0 0
-1.95990 -6.10922 65.07760 0 0 0 0 0
-1.74071 -5.85567 64.04480 0 0 0 0 0
-2.06585 -6.17095 64.47450 0 0 0 0 0
-2.06585 -6.17095 64.47450 0 0 0 0 0
0.07118 -5.38405 63.82890 0 0 0 0 0
1.85840 -5.89044 64.04480 0 0 0 0 0
0.07118 -5.38405 63.82890 0 0 0 0 0
2.15543 -6.22435 64.47450 0 0 0 0 0
2.01575 -6.17181 65.07760 0 0 0 0 0
2.15543 -6.22435 64.47450 0 0 0 0 0
1.32985 -5.57403 65.42300 0 0 0 0 0
0.02886 -6.18940 65.29440 0 0 0 0 0
0.06328 -6.61726 64.06420 0 0 0 0 0
0.06328 -6.61726 64.06420 0 0 0 0 0
0.05106 -7.03529 64.43660 0 0 0 0 0
0.03266 -7.00606 64.94860 0 0 0 0 0
0.05106 -7.03529 64.43660 0 0 0 0 0
0.05106 -7.03529 64.43660 0 0 0 0 0
0.05847 -1.40345 62.26580 0 0 0 0 0

NumIndices: 6150
0
1
2
2
3
0
4
5
1
1
0
4
6
7
8
8
9
6
7
10
11
11
8
7
12
13
14
14
15
12
16
17
18
18
2
16
19
20
17
17
16
19
21
22
23
23
24
21
25
26
27
27
28
25
29
30
31
31
32
29
21
33
34
34
22
21
34
33
35
35
36
34
28
37
38
38
25
28
20
13
37
28
18
17
18
28
27
35
39
27
27
26
35
39
40
18
18
27
39
41
30
0
0
3
41
42
37
13
13
12
42
43
23
22
22
34
43
30
29
7
7
6
30
41
33
21
21
31
41
44
13
20
20
19
44
37
28
17
17
20
37
45
46
47
47
48
45
49
50
51
51
52
49
51
53
54
54
55
51
50
49
56
56
57
50
55
58
52
52
51
55
57
56
59
59
60
57
55
54
61
61
62
55
62
63
58
58
55
62
64
65
46
46
45
64
66
50
57
57
67
66
63
62
48
48
47
63
68
69
70
70
71
68
72
73
74
74
75
72
76
77
78
78
79
76
73
80
81
81
82
73
83
84
85
85
86
83
79
78
87
87
88
79
89
80
88
88
87
89
79
90
91
91
76
79
92
93
81
81
94
92
93
85
84
84
81
93
94
81
80
80
89
94
70
95
96
96
97
70
98
99
100
100
97
98
82
81
84
84
83
82
75
74
99
99
98
75
80
73
101
101
88
80
90
79
88
88
101
90
96
49
52
52
102
96
102
52
58
58
103
102
103
58
63
63
104
103
104
63
47
47
105
104
105
47
46
46
106
105
106
46
65
65
107
106
73
72
108
108
101
73
101
108
109
109
90
101
110
91
90
90
109
110
86
99
74
74
83
86
74
73
82
82
83
74
111
112
113
113
114
111
113
112
115
115
116
113
114
113
116
116
117
114
118
114
117
117
119
118
120
111
114
114
118
120
121
122
123
123
124
121
125
126
127
127
128
125
111
122
128
128
112
111
125
121
129
129
130
125
131
132
133
133
134
131
134
133
135
135
136
134
137
138
139
139
130
137
137
140
124
124
141
137
120
134
136
136
123
120
134
120
118
118
131
134
119
142
131
131
118
119
143
132
131
131
142
143
144
145
146
146
147
144
130
145
126
126
125
130
148
149
150
150
151
148
144
147
152
152
153
144
154
144
153
153
155
154
149
156
157
157
150
149
158
159
160
160
161
158
161
162
163
163
158
161
162
164
165
165
163
162
166
164
162
162
167
166
168
169
161
161
160
168
1
170
171
171
2
1
172
173
5
5
9
172
1
5
173
173
170
1
174
164
166
166
175
174
176
177
8
8
11
176
161
169
167
167
162
161
178
160
159
159
179
178
148
180
181
181
149
148
182
168
160
160
178
182
14
44
183
183
184
14
185
186
16
16
2
185
156
149
181
181
187
156
187
188
189
189
156
187
186
190
19
19
16
186
86
191
192
192
99
86
193
194
195
195
196
193
197
198
199
199
200
197
201
202
203
203
204
201
205
206
207
207
208
205
163
165
209
209
210
163
99
192
211
211
100
99
212
191
86
86
85
212
202
213
214
214
203
202
192
191
215
215
211
192
216
217
202
202
201
216
205
195
194
194
206
205
213
205
208
208
214
213
218
219
71
71
100
218
220
201
204
204
221
220
222
216
201
201
220
222
223
224
225
225
226
223
191
212
227
227
215
191
198
228
229
229
199
198
219
230
68
68
71
219
158
163
210
210
231
158
231
232
159
159
158
231
233
218
100
100
211
233
228
223
226
226
229
228
217
234
213
213
202
217
195
205
213
213
234
195
235
236
237
237
200
235
233
235
200
200
199
233
238
239
240
240
241
238
242
240
239
239
243
242
243
239
244
244
245
243
241
240
246
246
247
241
240
242
248
248
246
240
249
92
94
94
250
249
251
252
253
253
254
251
255
256
257
257
258
255
78
259
256
256
87
78
255
89
87
87
256
255
260
261
262
262
263
260
250
94
89
89
255
250
250
264
265
265
249
250
264
250
255
255
258
264
243
266
261
261
242
243
266
243
245
245
258
266
242
261
260
260
248
242
245
244
251
251
254
245
254
253
265
265
264
254
254
264
258
258
245
254
238
267
268
268
244
238
269
270
271
271
272
269
273
274
275
275
276
273
277
272
271
277
271
278
277
278
279
241
280
281
281
238
241
282
283
284
284
285
282
286
284
283
283
287
286
288
289
290
290
291
288
252
251
292
292
293
252
294
278
271
271
295
294
296
297
298
298
275
296
276
275
298
298
299
276
286
300
301
301
302
286
291
290
285
285
284
291
292
251
244
244
268
292
303
304
270
270
269
303
305
306
296
296
307
305
308
142
119
119
117
308
309
310
306
306
311
309
297
296
306
306
310
297
311
142
308
308
309
311
312
313
314
314
315
312
314
316
288
288
317
314
318
319
320
320
321
318
322
323
324
324
313
322
316
321
289
289
288
316
325
326
194
194
193
325
236
227
327
327
328
236
319
329
330
330
320
319
331
327
227
227
212
331
116
332
308
308
117
116
207
206
333
333
334
207
320
330
335
335
293
320
116
115
336
336
332
116
337
332
336
336
338
337
206
194
326
326
333
206
309
308
332
332
339
309
232
340
179
179
159
232
310
309
339
339
341
310
154
155
336
336
115
154
336
155
342
342
338
336
343
333
326
326
344
343
345
346
347
347
348
345
329
319
327
327
331
329
346
328
318
318
347
346
349
350
351
351
352
349
351
353
354
354
352
351
355
356
357
357
358
355
358
357
359
359
349
358
360
358
349
349
352
360
361
362
363
363
364
361
365
355
358
358
360
365
366
361
364
364
367
366
368
369
361
361
366
368
370
371
367
367
364
370
362
361
369
369
372
362
373
374
350
350
375
373
350
349
359
359
375
350
376
377
378
378
379
376
380
381
382
382
383
380
384
382
385
385
386
384
387
388
369
369
368
387
379
378
388
388
387
379
385
382
381
381
354
385
377
389
390
390
378
377
383
382
384
384
391
383
372
369
388
388
392
372
392
388
378
378
390
392
377
376
393
393
394
377
389
377
394
394
395
389
396
397
398
398
399
396
399
400
401
401
402
399
399
398
403
403
400
399
396
399
402
402
404
396
405
406
407
407
408
405
403
405
408
408
400
403
409
410
397
397
396
409
407
406
411
411
412
407
413
401
400
400
408
413
414
413
408
408
407
414
335
415
412
412
411
335
415
416
414
414
412
415
404
417
409
409
396
404
416
418
419
419
420
416
414
416
420
420
413
414
420
419
402
402
401
420
419
418
404
404
402
419
418
421
417
417
404
418
422
410
409
409
423
422
424
253
252
252
335
424
93
92
425
425
426
93
398
397
426
426
425
398
427
425
92
92
249
427
428
331
212
212
423
428
423
409
417
417
428
423
423
212
85
85
422
423
429
330
329
329
430
429
431
265
253
253
424
431
411
406
431
431
424
411
403
425
427
427
405
403
265
431
427
427
249
265
421
331
428
428
417
421
85
93
426
426
422
85
415
335
330
330
429
415
331
421
430
430
329
331
427
431
406
406
405
427
302
301
432
432
317
302
385
354
353
353
374
385
374
373
386
386
385
374
429
430
421
421
418
429
262
257
256
256
259
262
416
415
429
429
418
416
164
174
433
433
165
164
434
221
204
204
435
434
436
342
155
155
157
436
153
152
151
151
150
153
155
153
150
150
157
155
436
157
156
156
189
436
203
214
210
210
209
203
231
210
214
214
208
231
208
207
232
232
231
208
340
232
207
207
334
340
338
342
340
340
334
338
188
182
178
178
189
188
190
183
44
44
19
190
179
436
189
189
178
179
179
340
342
342
436
179
437
370
364
364
363
437
180
438
184
184
181
180
187
181
184
184
183
187
183
190
188
188
187
183
190
186
182
182
188
190
186
185
168
168
182
186
169
168
185
185
171
169
169
171
170
170
167
169
170
173
166
166
167
170
172
177
439
439
175
172
177
176
440
440
439
177
360
381
380
380
365
360
352
354
381
381
360
352
366
379
387
387
368
366
379
366
367
367
376
379
376
367
371
371
393
376
389
441
299
299
390
389
390
299
298
298
392
390
297
372
392
392
298
297
310
362
372
372
297
310
362
310
341
341
363
362
442
356
437
437
443
442
356
442
444
444
357
356
359
357
444
444
312
359
375
359
312
312
315
375
432
373
375
375
315
432
301
386
373
373
432
301
386
301
300
300
384
386
384
300
445
445
391
384
441
389
395
395
446
441
50
66
53
53
51
50
69
447
95
95
70
69
97
96
102
102
98
97
98
102
103
103
75
98
75
103
104
104
72
75
97
100
71
71
70
97
109
106
107
107
110
109
108
105
106
106
109
108
72
104
105
105
108
72
95
56
49
49
96
95
448
26
449
449
450
448
449
26
25
25
38
449
34
36
451
451
43
34
452
453
439
439
440
452
15
14
184
184
438
15
262
259
454
454
263
262
77
454
259
259
78
77
307
296
275
275
274
307
311
306
305
305
455
311
455
143
142
142
311
455
60
456
67
67
57
60
56
95
447
447
59
56
24
32
31
31
21
24
18
40
2
44
14
13
37
42
38
7
29
10
185
2
171
244
239
238
266
258
257
252
293
335
411
424
335
414
407
412
401
413
420
398
425
403
426
397
410
422
426
410
140
129
121
121
124
140
257
262
261
261
266
257
334
333
337
337
338
334
443
437
363
363
341
443
457
443
341
341
339
457
337
457
339
339
332
337
370
437
356
356
355
370
371
370
355
355
365
371
365
380
393
393
371
365
383
394
393
393
380
383
383
391
395
395
394
383
391
445
446
446
395
391
303
446
445
445
287
303
458
459
282
282
267
458
460
461
459
459
458
460
462
463
464
464
465
462
270
461
295
295
271
270
464
280
241
241
247
464
353
351
350
350
374
353
466
467
468
468
469
466
470
468
61
471
472
54
54
53
471
54
472
470
470
61
54
473
474
467
467
466
473
475
66
67
67
476
475
66
475
477
477
53
66
456
478
476
476
67
456
53
477
471
472
479
480
480
470
472
471
477
481
481
482
471
475
483
481
481
477
475
476
484
483
483
475
476
482
479
472
472
471
482
470
480
485
485
469
470
484
476
478
478
486
484
48
62
61
61
468
48
460
280
464
464
463
460
281
280
460
460
458
281
281
458
267
267
238
281
285
268
267
267
282
285
289
293
292
292
290
289
295
463
462
462
294
295
290
292
268
268
285
290
324
318
321
321
316
324
321
320
293
293
289
321
459
304
283
283
282
459
461
270
304
304
459
461
463
295
461
461
460
463
229
226
219
219
218
229
226
225
230
230
219
226
199
229
218
218
233
199
215
227
236
236
235
215
211
215
235
235
233
211
328
346
237
237
236
328
319
318
328
328
327
319
279
273
276
276
277
279
464
247
465
468
467
45
45
48
468
45
467
487
487
64
45
488
474
473
473
489
488
474
488
487
487
467
474
30
41
31
165
433
490
490
209
165
491
492
453
453
452
491
493
492
491
491
494
493
177
172
9
9
8
177
453
174
175
175
439
453
173
172
175
175
166
173
492
433
174
174
453
492
493
490
433
433
492
493
495
435
204
204
203
495
435
495
490
490
493
435
434
435
493
493
494
434
495
203
209
209
490
495
4
6
9
9
5
4
30
6
4
4
0
30
36
35
26
26
448
36
39
35
33
33
41
39
3
40
39
39
41
3
450
451
36
36
448
450
40
3
2
138
137
141
141
496
138
140
137
130
130
129
140
497
197
200
200
237
497
198
197
196
196
498
198
224
223
499
499
500
224
228
198
498
498
501
228
223
228
501
501
499
223
346
345
497
497
237
346
325
345
348
348
502
325
502
348
322
322
503
502
441
269
272
272
299
441
300
286
287
287
445
300
284
286
302
302
291
284
446
303
269
269
441
446
316
314
313
313
324
316
317
432
315
315
314
317
291
302
317
317
288
291
304
303
287
287
283
304
277
276
299
299
272
277
497
193
196
196
197
497
345
325
193
193
497
345
498
196
195
195
234
498
500
499
216
216
222
500
501
498
234
234
217
501
499
501
217
217
216
499
326
325
502
502
344
326
344
502
503
503
504
344
444
504
503
503
312
444
323
322
348
348
347
323
503
322
313
313
312
503
318
324
323
323
347
318
496
141
505
505
506
496
505
141
124
124
507
505
506
505
507
507
508
506
457
509
442
442
443
457
337
343
509
509
457
337
343
337
333
444
442
509
509
504
444
343
344
504
504
509
343
510
511
512
512
513
510
514
510
513
513
515
514
516
517
518
518
519
516
519
518
11
11
10
519
12
15
520
520
521
12
522
512
523
523
524
522
525
522
524
524
526
525
527
24
23
23
528
527
529
530
531
531
532
529
29
32
533
533
534
29
527
528
535
535
536
527
535
537
538
538
536
535
530
529
38
38
539
530
526
539
521
530
524
523
523
531
530
538
532
531
531
540
538
540
531
523
523
541
540
542
511
510
510
534
542
42
12
521
521
539
42
43
535
528
528
23
43
534
516
519
519
29
534
542
533
527
527
536
542
543
525
526
526
521
543
539
526
524
524
530
539
544
545
546
546
547
544
548
549
550
550
551
548
550
552
553
553
554
550
551
555
556
556
548
551
552
550
549
549
557
552
555
60
59
59
556
555
552
558
559
559
553
552
558
552
557
557
560
558
561
544
547
547
562
561
563
564
555
555
551
563
560
546
545
545
558
560
68
565
566
566
69
68
567
568
569
569
570
567
571
572
573
573
574
571
570
575
576
576
577
570
578
579
580
580
581
578
572
582
583
583
573
572
584
583
582
582
577
584
572
571
585
585
586
572
587
588
576
576
589
587
589
576
581
581
580
589
588
584
577
577
576
588
566
590
591
591
592
566
593
590
594
594
595
593
575
578
581
581
576
575
568
593
595
595
569
568
577
582
596
596
570
577
586
596
582
582
572
586
591
597
549
549
548
591
597
598
557
557
549
597
598
599
560
560
557
598
599
600
546
546
560
599
600
601
547
547
546
600
601
602
562
562
547
601
570
596
603
603
567
570
596
586
604
604
603
596
605
604
586
586
585
605
579
578
569
569
595
579
569
578
575
575
570
569
606
607
608
608
609
606
608
610
611
611
609
608
607
612
610
610
608
607
613
614
612
612
607
613
615
613
607
607
606
615
616
617
618
618
619
616
620
621
622
622
623
620
621
619
606
606
609
621
620
624
625
625
616
620
626
627
133
133
132
626
627
628
135
135
133
627
629
624
139
139
138
629
629
630
617
617
631
629
615
618
628
628
627
615
627
626
613
613
615
627
614
613
626
626
632
614
143
632
626
626
132
143
146
633
634
634
147
146
624
620
623
623
633
624
148
151
635
635
636
148
634
637
152
152
147
634
638
639
637
637
634
638
640
641
636
636
635
640
642
643
644
644
645
642
643
642
646
646
647
643
647
646
648
648
649
647
650
651
647
647
649
650
652
644
643
643
653
652
654
655
513
513
512
654
515
656
657
657
517
515
656
515
513
513
655
656
658
659
650
650
649
658
518
660
176
176
11
518
651
653
643
643
647
651
645
644
661
661
662
645
148
636
663
663
180
148
644
652
664
664
661
644
520
665
666
666
543
520
667
512
522
522
668
667
641
669
663
663
636
641
669
641
670
670
671
669
668
522
525
525
672
668
579
595
673
673
674
579
675
676
677
677
678
675
679
680
681
681
682
679
683
684
685
685
686
683
687
688
689
689
690
687
646
691
692
692
648
646
595
594
693
693
673
595
694
580
579
579
674
694
686
685
695
695
696
686
673
693
697
697
674
673
698
683
686
686
699
698
687
690
678
678
677
687
696
695
688
688
687
696
700
594
565
565
701
700
220
221
684
684
683
220
222
220
683
683
698
222
702
703
225
225
224
702
674
697
704
704
694
674
682
681
705
705
706
682
701
565
68
68
230
701
642
707
691
691
646
642
707
642
645
645
708
707
709
693
594
594
700
709
706
705
703
703
702
706
699
686
696
696
710
699
677
710
696
696
687
677
711
680
712
712
713
711
709
681
680
680
711
709
714
715
716
716
717
714
718
719
717
717
716
718
719
720
721
721
717
719
715
722
723
723
716
715
716
723
724
724
718
716
725
726
588
588
587
725
727
728
729
729
730
727
731
732
733
733
734
731
573
583
734
734
735
573
731
734
583
583
584
731
736
737
738
738
739
736
726
731
584
584
588
726
726
725
740
740
741
726
741
732
731
731
726
741
719
718
739
739
742
719
742
732
720
720
719
742
718
724
736
736
739
718
720
728
727
727
721
720
728
741
740
740
729
728
728
720
732
732
741
728
714
721
743
743
744
714
745
746
747
747
748
745
273
749
750
750
274
273
751
279
278
751
278
747
751
747
746
715
714
752
752
753
715
754
755
756
756
757
754
758
759
757
757
756
758
760
761
762
762
763
760
730
764
765
765
727
730
294
766
747
747
278
294
767
750
768
768
769
767
749
770
768
768
750
749
758
771
772
772
773
758
761
756
755
755
762
761
765
743
721
721
727
765
774
745
748
748
775
774
305
307
767
767
776
305
777
612
614
614
632
777
778
779
776
776
780
778
769
780
776
776
767
769
779
778
777
777
632
779
781
782
783
783
784
781
783
785
760
760
786
783
787
788
789
789
790
787
791
784
792
792
793
791
786
760
763
763
788
786
794
675
678
678
795
794
713
796
797
797
704
713
790
789
798
798
799
790
800
694
704
704
797
800
777
801
610
610
612
777
689
802
803
803
690
689
789
764
804
804
798
789
610
801
805
805
611
610
806
807
805
805
801
806
690
803
795
795
678
690
778
808
801
801
777
778
708
645
662
662
809
708
780
810
808
808
778
780
638
611
805
805
639
638
805
807
811
811
639
805
812
813
795
795
803
812
814
815
816
816
817
814
799
800
797
797
790
799
817
816
787
787
796
817
818
819
820
820
821
818
820
819
822
822
823
820
824
825
826
826
827
824
825
818
828
828
826
825
829
819
818
818
825
829
830
831
832
832
833
830
834
829
825
825
824
834
835
836
831
831
830
835
837
835
830
830
838
837
839
831
836
836
840
839
833
841
838
838
830
833
842
843
821
821
844
842
821
843
828
828
818
821
845
846
847
847
848
845
849
850
851
851
852
849
853
854
855
855
851
853
856
837
838
838
857
856
846
856
857
857
847
846
855
822
852
852
851
855
848
847
858
858
859
848
850
860
853
853
851
850
841
861
857
857
838
841
861
858
847
847
857
861
848
862
863
863
845
848
859
864
862
862
848
859
865
866
867
867
868
865
866
869
870
870
871
866
866
871
872
872
867
866
865
873
869
869
866
865
874
875
876
876
877
874
872
871
875
875
874
872
878
865
868
868
879
878
876
880
881
881
877
876
882
875
871
871
870
882
883
876
875
875
882
883
804
881
880
880
884
804
884
880
883
883
885
884
873
865
878
878
886
873
885
887
888
888
889
885
883
882
887
887
885
883
887
870
869
869
888
887
888
869
873
873
889
888
889
873
886
886
890
889
891
892
878
878
879
891
893
804
730
730
729
893
589
894
895
895
587
589
867
895
894
894
868
867
896
725
587
587
895
896
897
892
694
694
800
897
892
897
886
886
878
892
892
891
580
580
694
892
898
899
799
799
798
898
900
893
729
729
740
900
881
893
900
900
877
881
872
874
896
896
895
872
740
725
896
896
900
740
890
886
897
897
800
890
580
891
894
894
589
580
884
898
798
798
804
884
800
799
899
899
890
800
896
874
877
877
900
896
771
785
901
901
772
771
855
844
823
823
822
855
844
855
854
854
842
844
898
889
890
890
899
898
738
735
734
734
733
738
885
889
898
898
884
885
649
648
902
902
658
649
434
903
684
684
221
434
904
640
639
639
811
904
637
635
151
151
152
637
639
640
635
635
637
639
641
640
904
904
670
641
685
692
691
691
695
685
707
688
695
695
691
707
688
707
708
708
689
688
809
802
689
689
708
809
807
802
809
809
811
807
661
664
671
671
670
661
672
525
543
543
666
672
670
904
662
662
661
670
662
904
811
811
809
662
905
832
831
831
839
905
180
663
665
665
438
180
669
666
665
665
663
669
671
672
666
666
669
671
664
668
672
672
671
664
652
667
668
668
664
652
653
654
667
667
652
653
653
651
655
655
654
653
655
651
650
650
656
655
657
659
906
906
660
657
660
906
440
440
176
660
829
834
849
849
852
829
819
829
852
852
822
819
835
837
856
856
846
835
846
845
836
836
835
846
845
863
840
840
836
845
859
858
770
770
907
859
858
861
768
768
770
858
769
768
861
861
841
769
780
769
841
841
833
780
833
832
810
810
780
833
908
909
905
905
827
908
827
826
910
910
908
827
828
781
910
910
826
828
843
782
781
781
828
843
901
782
843
843
842
901
772
901
842
842
854
772
854
853
773
773
772
854
853
860
911
911
773
853
907
912
864
864
859
907
551
550
554
554
563
551
69
566
592
592
447
69
590
593
597
597
591
590
593
568
598
598
597
593
568
567
599
599
598
568
590
566
565
565
594
590
604
605
602
602
601
604
603
604
601
601
600
603
567
603
600
600
599
567
592
591
548
548
556
592
913
450
449
449
532
913
449
38
529
529
532
449
535
43
451
451
537
535
452
440
906
906
914
452
15
438
665
665
520
15
738
737
915
915
735
738
574
573
735
735
915
574
307
274
750
750
767
307
779
455
305
305
776
779
455
779
632
632
143
455
60
555
564
564
456
60
556
59
447
447
592
556
24
527
533
533
32
24
523
512
541
543
521
520
539
38
42
519
10
29
667
654
512
721
714
717
742
733
732
730
804
764
881
804
893
883
880
876
870
887
882
867
872
895
894
879
868
891
879
894
631
617
616
616
625
631
733
742
739
739
738
733
802
807
806
806
803
802
909
810
832
832
905
909
916
808
810
810
909
916
806
801
808
808
916
806
839
824
827
827
905
839
840
834
824
824
839
840
834
840
863
863
849
834
850
849
863
863
862
850
850
862
864
864
860
850
860
864
912
912
911
860
774
759
911
911
912
774
917
744
754
754
918
917
919
917
918
918
920
919
462
465
921
921
922
462
748
747
766
766
920
748
921
722
715
715
753
921
823
844
821
821
820
823
923
924
925
925
926
923
927
925
924
928
554
553
553
929
928
553
559
927
927
929
553
930
923
926
926
931
930
932
933
564
564
563
932
563
554
934
934
932
563
456
564
933
933
478
456
554
928
934
929
927
935
935
936
929
928
937
938
938
934
928
932
934
938
938
939
932
933
932
939
939
940
933
937
928
929
929
936
937
927
924
941
941
935
927
940
486
478
478
933
940
545
925
559
559
558
545
919
922
921
921
753
919
752
917
919
919
753
752
752
714
744
744
917
752
755
754
744
744
743
755
763
762
765
765
764
763
766
294
462
462
922
766
762
755
743
743
765
762
792
786
788
788
787
792
788
763
764
764
789
788
918
754
757
757
775
918
920
918
775
775
748
920
922
919
920
920
766
922
705
700
701
701
703
705
703
701
230
230
225
703
681
709
700
700
705
681
697
711
713
713
704
697
693
709
711
711
697
693
796
713
712
712
817
796
790
797
796
796
787
790
279
751
749
749
273
279
921
465
722
925
545
544
544
926
925
544
561
942
942
926
544
943
944
930
930
931
943
931
926
942
942
943
931
534
533
542
648
692
945
945
902
648
491
452
914
914
946
491
947
494
491
491
946
947
660
518
517
517
657
660
914
906
659
659
658
914
656
650
659
659
657
656
946
914
658
658
902
946
947
946
902
902
945
947
948
685
684
684
903
948
903
947
945
945
948
903
434
494
947
947
903
434
948
945
692
692
685
948
514
515
517
517
516
514
534
510
514
514
516
534
537
913
532
532
538
537
540
542
536
536
538
540
511
542
540
540
541
511
450
913
537
537
451
450
541
512
511
138
496
630
630
629
138
631
625
624
624
629
631
949
712
680
680
679
949
682
950
676
676
679
682
224
500
951
951
702
224
706
952
950
950
682
706
702
951
952
952
706
702
817
712
949
949
814
817
794
953
815
815
814
794
953
954
791
791
815
953
907
770
746
746
745
907
773
911
759
759
758
773
756
761
771
771
758
756
912
907
745
745
774
912
786
792
784
784
783
786
785
783
782
782
901
785
761
760
785
785
771
761
775
757
759
759
774
775
751
746
770
770
749
751
949
679
676
676
675
949
814
949
675
675
794
814
950
710
677
677
676
950
500
222
698
698
951
500
952
699
710
710
950
952
951
698
699
699
952
951
795
813
953
953
794
795
813
955
954
954
953
813
910
781
954
954
955
910
793
816
815
815
791
793
954
781
784
784
791
954
787
816
793
793
792
787
496
506
956
956
630
496
956
957
617
617
630
956
506
508
957
957
956
506
916
909
908
908
958
916
806
916
958
958
812
806
812
803
806
910
955
958
958
908
910
812
958
955
955
813
812
122
111
120
120
123
122
121
125
128
128
122
121
135
508
507
507
136
135
507
124
123
123
136
507
615
606
619
619
618
615
621
620
616
616
619
621
957
508
135
135
628
957
618
617
957
957
628
618
145
130
139
139
146
145
145
144
154
154
126
145
139
624
633
633
146
139
638
634
633
633
623
638
154
115
127
127
126
154
621
609
611
611
622
621
115
112
128
128
127
115
638
623
622
622
611
638
470
469
468
927
559
925
959
960
961
961
962
959
963
964
965
965
966
963
967
968
969
969
970
967
971
972
973
973
974
971
969
975
976
976
970
969
977
978
979
979
980
977
967
981
982
982
968
967
969
959
962
962
975
969
977
968
982
982
978
977
968
977
959
959
969
968
977
980
960
960
959
977
983
984
985
985
986
983
987
988
989
989
990
987
967
970
991
991
992
967
971
974
993
993
994
971
991
970
976
976
995
991
996
997
998
998
999
996
967
992
1000
1000
981
967
991
995
984
984
983
991
996
999
1000
1000
992
996
992
991
983
983
996
992
996
983
986
986
997
996
1001
1002
973
973
972
1001
993
1003
1004
1004
994
993
1003
990
989
989
1004
1003
1005
1006
1007
1007
1008
1005
1009
1010
1011
1011
1012
1009
1013
1014
1015
1015
1016
1013
1017
1018
1019
1019
1020
1017
1021
1018
1017
1017
1022
1021
1023
1024
1025
1025
1026
1023
1027
1020
1019
1019
1028
1027
1021
1005
1008
1008
1018
1021
1023
1028
1019
1019
1024
1023
1014
1029
1030
1030
1015
1014
1029
1009
1012
1012
1030
1029
1031
1032
1033
1033
1034
1031
1035
1036
1037
1037
1038
1035
1013
1016
1039
1039
1040
1013
1017
1020
1041
1041
1042
1017
1043
1022
1017
1017
1042
1043
1044
1045
1046
1046
1047
1044
1027
1048
1041
1041
1020
1027
1043
1042
1032
1032
1031
1043
1044
1047
1041
1041
1048
1044
1040
1039
1049
1049
1050
1040
1050
1049
1036
1036
1035
1050
1008
1024
1019
1019
1018
1008
1041
1047
1032
1032
1042
1041
1007
1025
1024
1024
1008
1007
1047
1046
1033
1033
1032
1047
1001
965
964
964
1002
1001
1051
1052
1053
1053
1054
1051
1055
1056
1057
1057
1058
1055
1059
1060
1061
1061
1062
1059
1060
1063
1064
1064
1061
1060
1065
1062
1061
1061
1066
1065
1061
1064
1067
1067
1066
1061
1065
1066
1056
1056
1055
1065
1066
1067
1068
1068
1056
1066
1056
1068
1069
1069
1057
1056
1058
1057
1070
1070
1071
1058
1057
1069
1072
1072
1070
1057
1073
1074
1052
1052
1051
1073
1075
1076
1052
1052
1074
1075
1053
1052
1076
1076
1077
1053
1078
1054
1053
1053
1079
1078
1077
1080
1079
1079
1053
1077
1081
1082
1060
1060
1059
1081
1083
1063
1060
1060
1082
1083
1078
1079
1082
1082
1081
1078
1082
1079
1080
1080
1083
1082
1083
1084
1085
1085
1063
1083
1083
1080
1086
1086
1084
1083
1076
1087
1088
1088
1077
1076
1077
1089
1086
1086
1080
1077
1075
1090
1087
1087
1076
1075
1091
1092
1072
1072
1069
1091
1068
1093
1091
1091
1069
1068
1068
1067
1094
1094
1095
1068
1064
1096
1094
1094
1067
1064
1085
1096
1064
1064
1063
1085
1085
1097
1096
1092
1091
1098
1090
1099
1087
1086
1089
1100
1100
1101
1086
1087
1099
1102
1102
1088
1087
1091
1093
1103
1103
1098
1091
1094
1101
1100
1100
1095
1094
1097
1085
1084
1084
1086
1101
1101
1097
1084
1096
1097
1101
1101
1094
1096
1054
1078
1081
1081
1051
1054
1059
1062
1058
1058
1104
1059
1059
1104
1051
1051
1081
1059
1062
1065
1055
1055
1058
1062
